Rate	71.43
Rev Jump	14.29
Tree Move	14.29
Rate Tried	% Accepted	Rev Jump Tried	% Accepted	Tree Move Tried	% Accepted	Rates - Dev	Rates - Tried	Rates - Accepted	Sample Ave Acceptance	Total Ave Acceptance	
708	0.244350	101	0.188119	191	1.000000	2.344390	708	0.244350	0.383000	0.388237	
718	0.239554	109	0.064220	173	1.000000	2.344390	718	0.239554	0.352000	0.385218	
778	0.305913	68	0.205882	154	1.000000	2.344390	778	0.305913	0.406000	0.386816	
702	0.266382	90	0.288889	208	1.000000	2.344390	702	0.266382	0.421000	0.389258	
722	0.221607	119	0.126050	159	1.000000	2.344390	722	0.221607	0.334000	0.385574	
731	0.251710	102	0.058824	167	1.000000	2.344390	731	0.251710	0.357000	0.383789	
760	0.263158	96	0.187500	144	1.000000	2.344390	760	0.263158	0.362000	0.382507	
723	0.257261	92	0.239130	185	1.000000	2.344390	723	0.257261	0.393000	0.383090	
690	0.284058	108	0.111111	202	1.000000	2.344390	690	0.284058	0.410000	0.384506	
691	0.283647	100	0.230000	209	1.000000	2.344390	691	0.283647	0.428000	0.386681	
748	0.201872	101	0.108911	151	1.000000	2.344390	748	0.201872	0.313000	0.383172	
719	0.292072	105	0.257143	176	1.000000	2.344390	719	0.292072	0.413000	0.384528	
697	0.305595	102	0.254902	201	1.000000	2.344390	697	0.305595	0.440000	0.386940	
715	0.254545	115	0.130435	170	1.000000	2.344390	715	0.254545	0.367000	0.386109	
740	0.232432	87	0.206897	173	1.000000	2.344390	740	0.232432	0.363000	0.385185	
742	0.238544	103	0.155340	155	1.000000	2.344390	742	0.238544	0.348000	0.383754	
736	0.301630	119	0.218487	145	1.000000	2.344390	736	0.301630	0.393000	0.384097	
707	0.241867	100	0.140000	193	1.000000	2.344390	707	0.241867	0.378000	0.383879	
720	0.266667	128	0.195312	152	0.993421	2.344390	720	0.266667	0.368000	0.383332	
712	0.280899	82	0.207317	206	0.995146	2.344390	712	0.280899	0.422000	0.384621	
751	0.324900	84	0.178571	165	1.000000	2.344390	751	0.324900	0.424000	0.385891	
737	0.302578	101	0.138614	162	1.000000	2.344390	737	0.302578	0.399000	0.386300	
724	0.305249	100	0.180000	176	0.994318	2.344390	724	0.305249	0.414000	0.387140	
730	0.338356	134	0.089552	136	1.000000	2.344390	730	0.338356	0.395000	0.387371	
719	0.376912	115	0.182609	166	0.993976	2.344390	719	0.376912	0.457000	0.389360	
677	0.345643	106	0.226415	217	1.000000	2.344390	677	0.345643	0.475000	0.391739	
713	0.389902	85	0.211765	202	1.000000	2.344390	713	0.389902	0.498000	0.394611	
748	0.387701	72	0.236111	180	1.000000	2.344390	748	0.387701	0.487000	0.397042	
716	0.361732	116	0.189655	168	1.000000	2.344390	716	0.361732	0.449000	0.398374	
769	0.758127	69	0.260870	162	0.956790	2.344390	769	0.758127	0.756000	0.407315	
772	0.709845	67	0.253731	161	0.981366	3.207306	772	0.709845	0.723000	0.415014	
762	0.632546	70	0.300000	168	0.964286	5.000000	762	0.632546	0.665000	0.420966	
756	0.612434	91	0.296703	153	0.901961	5.000000	756	0.612434	0.628000	0.425781	
780	0.605128	70	0.328571	150	0.893333	5.000000	780	0.605128	0.629000	0.430399	
783	0.572158	63	0.365079	154	0.948052	5.000000	783	0.572158	0.617000	0.434546	
737	0.602442	80	0.300000	183	0.989071	5.000000	737	0.602442	0.649000	0.439208	
774	0.639535	77	0.324675	149	0.979866	5.000000	774	0.639535	0.666000	0.444033	
788	0.532995	78	0.256410	134	0.820896	5.000000	788	0.532995	0.550000	0.446241	
800	0.598750	59	0.271186	141	0.964539	5.000000	800	0.598750	0.631000	0.450011	
808	0.439356	31	0.258065	161	0.770186	5.000000	808	0.439356	0.487000	0.450751	
796	0.496231	54	0.333333	150	0.826667	5.000000	796	0.496231	0.537000	0.452442	
768	0.570312	67	0.253731	165	0.860606	5.000000	768	0.570312	0.597000	0.455222	
743	0.562584	96	0.197917	161	1.000000	5.000000	743	0.562584	0.598000	0.457916	
773	0.195343	89	0.235955	138	0.557971	5.000000	773	0.195343	0.249000	0.454047	
766	0.176240	73	0.205479	161	0.534161	4.545367	766	0.176240	0.236000	0.450083	
752	0.184840	85	0.270588	163	0.441718	3.731488	752	0.184840	0.234000	0.446224	
771	0.618677	74	0.391892	155	0.877419	3.482317	771	0.618677	0.642000	0.449659	
793	0.679697	51	0.333333	156	0.987179	4.029560	793	0.679697	0.710000	0.454147	
782	0.588235	69	0.289855	149	0.932886	5.000000	782	0.588235	0.619000	0.456941	
725	0.525517	93	0.301075	182	0.994505	5.000000	725	0.525517	0.590000	0.459159	
740	0.493243	77	0.233766	183	0.934426	5.000000	740	0.493243	0.554000	0.460714	
782	0.641944	52	0.192308	166	0.975904	5.000000	782	0.641944	0.674000	0.464154	
654	0.524465	86	0.139535	260	0.996154	5.000000	654	0.524465	0.614000	0.466532	
762	0.631234	74	0.405405	164	0.993902	5.000000	762	0.631234	0.674000	0.469774	
748	0.645722	72	0.361111	180	0.961111	5.000000	748	0.645722	0.682000	0.473039	
737	0.620081	109	0.247706	154	0.974026	5.000000	737	0.620081	0.634000	0.475478	
730	0.602740	102	0.245098	168	0.988095	5.000000	730	0.602740	0.631000	0.477799	
738	0.607046	81	0.333333	181	0.972376	5.000000	738	0.607046	0.651000	0.480346	
784	0.653061	64	0.218750	152	0.980263	5.000000	784	0.653061	0.675000	0.483167	
802	0.258105	71	0.366197	127	0.503937	5.000000	802	0.258105	0.297000	0.480507	
759	0.168643	78	0.269231	163	0.521472	5.000000	759	0.168643	0.234000	0.477036	
767	0.251630	76	0.328947	157	0.388535	2.921790	767	0.251630	0.279000	0.474285	
772	0.327720	67	0.373134	161	0.534161	2.921790	772	0.327720	0.364000	0.472774	
766	0.331593	61	0.295082	173	0.554913	2.921790	766	0.331593	0.368000	0.471358	
784	0.230867	83	0.277108	133	0.473684	2.921790	784	0.230867	0.267000	0.468634	
790	0.250633	63	0.238095	147	0.469388	2.921790	790	0.250633	0.282000	0.466178	
797	0.237139	39	0.410256	164	0.384146	2.921790	797	0.237139	0.268000	0.463604	
810	0.207407	35	0.314286	155	0.490323	2.921790	810	0.207407	0.255000	0.460930	
792	0.212121	58	0.206897	150	0.380000	2.921790	792	0.212121	0.237000	0.458095	
828	0.204106	29	0.206897	143	0.363636	2.921790	828	0.204106	0.227000	0.455207	
795	0.192453	31	0.451613	174	0.327586	2.921790	795	0.192453	0.224000	0.452352	
795	0.415094	32	0.437500	173	0.312139	1.511359	795	0.415094	0.398000	0.451690	
773	0.294955	26	0.230769	201	0.402985	2.591583	773	0.294955	0.315000	0.450043	
784	0.672194	80	0.350000	136	0.926471	2.591583	784	0.672194	0.681000	0.452792	
689	0.294630	78	0.307692	233	1.000000	3.816725	689	0.294630	0.460000	0.452877	
673	0.163447	77	0.155844	250	1.000000	3.816725	673	0.163447	0.372000	0.451937	
715	0.544056	88	0.318182	197	0.994924	1.961578	715	0.544056	0.613000	0.453788	
705	0.626950	110	0.309091	185	0.967568	3.338683	705	0.626950	0.655000	0.456074	
755	0.674172	80	0.300000	165	1.000000	4.625593	755	0.674172	0.698000	0.458793	
773	0.632600	67	0.358209	160	0.993750	5.000000	773	0.632600	0.672000	0.461162	
765	0.622222	72	0.305556	163	0.975460	5.000000	765	0.622222	0.657000	0.463314	
762	0.591864	72	0.375000	166	0.969880	5.000000	762	0.591864	0.639000	0.465223	
748	0.649733	62	0.225806	190	0.968421	5.000000	748	0.649733	0.684000	0.467576	
747	0.645248	86	0.162791	167	0.982036	5.000000	747	0.645248	0.660000	0.469623	
745	0.451007	99	0.353535	156	0.724359	5.000000	745	0.451007	0.484000	0.469774	
748	0.141711	99	0.313131	153	0.352941	5.000000	748	0.141711	0.191000	0.466870	
760	0.206579	79	0.278481	161	0.440994	4.135167	760	0.206579	0.250000	0.464634	
740	0.181081	97	0.288660	163	0.368098	4.135167	740	0.181081	0.222000	0.462159	
760	0.189474	71	0.352113	169	0.502959	3.537873	760	0.189474	0.254000	0.460056	
753	0.268260	61	0.327869	186	0.451613	3.334870	753	0.268260	0.306000	0.458515	
775	0.190968	78	0.269231	147	0.551020	3.334870	775	0.190968	0.250000	0.456451	
750	0.349333	82	0.195122	168	0.619048	2.619008	750	0.349333	0.382000	0.455721	
765	0.704575	46	0.369565	189	0.989418	2.619008	765	0.704575	0.743000	0.458510	
692	0.670520	99	0.333333	209	0.990431	3.891314	692	0.670520	0.704000	0.460871	
768	0.438802	85	0.211765	147	0.816327	5.000000	768	0.438802	0.475000	0.461005	
739	0.625169	80	0.225000	181	0.950276	5.000000	739	0.625169	0.652000	0.462807	
725	0.584828	91	0.296703	184	0.967391	5.000000	725	0.584828	0.629000	0.464360	
769	0.560468	85	0.305882	146	0.904110	5.000000	769	0.560468	0.589000	0.465514	
745	0.159732	76	0.263158	179	0.502793	5.000000	745	0.159732	0.229000	0.463344	
795	0.171069	60	0.350000	145	0.600000	3.390232	795	0.171069	0.244000	0.461350	
788	0.213198	53	0.433962	159	0.339623	3.297433	788	0.213198	0.245000	0.459401	
824	0.209951	32	0.312500	144	0.479167	3.297433	824	0.209951	0.252000	0.457549	
814	0.207617	41	0.512195	145	0.448276	3.297433	814	0.207617	0.255000	0.455757	
780	0.219231	64	0.453125	156	0.455128	3.297433	780	0.219231	0.271000	0.454136	
753	0.209827	84	0.333333	163	0.404908	3.297433	753	0.209827	0.252000	0.452379	
794	0.222922	40	0.400000	166	0.427711	3.297433	794	0.222922	0.264000	0.450755	
761	0.207622	63	0.333333	176	0.392045	3.297433	761	0.207622	0.248000	0.449022	
779	0.218228	80	0.337500	141	0.468085	3.297433	779	0.218228	0.263000	0.447445	
802	0.197007	55	0.436364	143	0.363636	3.297433	802	0.197007	0.234000	0.445652	
778	0.245501	69	0.376812	153	0.287582	2.673064	778	0.245501	0.261000	0.444113	
774	0.290698	72	0.291667	154	0.448052	2.673064	774	0.290698	0.315000	0.443046	
785	0.262420	52	0.384615	163	0.509202	2.673064	785	0.262420	0.309000	0.441947	
723	0.255878	101	0.297030	176	0.568182	2.673064	723	0.255878	0.315000	0.440915	
767	0.280313	77	0.389610	156	0.519231	2.673064	767	0.280313	0.326000	0.439988	
773	0.287193	44	0.340909	183	0.497268	2.673064	773	0.287193	0.328000	0.439092	
783	0.312899	57	0.210526	160	0.456250	2.673064	783	0.312899	0.330000	0.438227	
762	0.258530	62	0.370968	176	0.585227	2.673064	762	0.258530	0.323000	0.437319	
787	0.265565	36	0.472222	177	0.531073	2.673064	787	0.265565	0.320000	0.436403	
789	0.276299	18	0.500000	193	0.512953	2.673064	789	0.276299	0.326000	0.435547	
785	0.266242	40	0.400000	175	0.537143	2.673064	785	0.266242	0.319000	0.434651	
768	0.236979	59	0.440678	173	0.439306	2.673064	768	0.236979	0.284000	0.433501	
787	0.268107	47	0.574468	166	0.457831	2.673064	787	0.268107	0.314000	0.432595	
779	0.261874	51	0.392157	170	0.458824	2.673064	779	0.261874	0.302000	0.431613	
820	0.241463	26	0.384615	154	0.480519	2.673064	820	0.241463	0.282000	0.430497	
790	0.259494	46	0.434783	164	0.554878	2.673064	790	0.259494	0.316000	0.429649	
802	0.276808	39	0.564103	159	0.528302	2.673064	802	0.276808	0.328000	0.428901	
755	0.255629	58	0.431034	187	0.449198	2.673064	755	0.255629	0.302000	0.427975	
757	0.268164	57	0.315789	186	0.403226	2.673064	757	0.268164	0.296000	0.427019	
800	0.266250	33	0.545455	167	0.532934	2.673064	800	0.266250	0.320000	0.426249	
760	0.242105	60	0.383333	180	0.400000	2.673064	760	0.242105	0.279000	0.425197	
778	0.240360	54	0.444444	168	0.321429	2.673064	778	0.240360	0.265000	0.424061	
801	0.287141	32	0.406250	167	0.431138	2.673064	801	0.287141	0.315000	0.423293	
783	0.289911	49	0.448980	168	0.529762	2.673064	783	0.289911	0.338000	0.422696	
788	0.284264	66	0.303030	146	0.534247	2.673064	788	0.284264	0.322000	0.421997	
770	0.237662	65	0.353846	165	0.575758	2.673064	770	0.237662	0.301000	0.421163	
791	0.246523	37	0.270270	172	0.587209	2.673064	791	0.246523	0.306000	0.420374	
780	0.266667	53	0.358491	167	0.520958	2.673064	780	0.266667	0.314000	0.419650	
769	0.274382	70	0.314286	161	0.596273	2.673064	769	0.274382	0.329000	0.419038	
771	0.282750	63	0.365079	166	0.415663	2.673064	771	0.282750	0.310000	0.418306	
755	0.264901	61	0.459016	184	0.489130	2.673064	755	0.264901	0.318000	0.417637	
777	0.259974	58	0.344828	165	0.466667	2.673064	777	0.259974	0.299000	0.416852	
765	0.273203	74	0.189189	161	0.509317	2.673064	765	0.273203	0.305000	0.416116	
776	0.257732	75	0.386667	149	0.442953	2.673064	776	0.257732	0.295000	0.415324	
796	0.261307	40	0.400000	164	0.500000	2.673064	796	0.261307	0.306000	0.414614	
794	0.272040	25	0.440000	181	0.464088	2.673064	794	0.272040	0.311000	0.413946	
800	0.233750	51	0.411765	149	0.469799	2.673064	800	0.233750	0.278000	0.413074	
782	0.257033	71	0.450704	147	0.564626	2.673064	782	0.257033	0.316000	0.412456	
764	0.247382	63	0.317460	173	0.560694	2.673064	764	0.247382	0.306000	0.411782	
767	0.272490	70	0.314286	163	0.570552	2.673064	767	0.272490	0.324000	0.411230	
748	0.258021	77	0.324675	175	0.548571	2.673064	748	0.258021	0.314000	0.410622	
759	0.259552	77	0.415584	164	0.518293	2.673064	759	0.259552	0.314000	0.410022	
768	0.270833	67	0.402985	165	0.587879	2.673064	768	0.270833	0.332000	0.409541	
783	0.254151	47	0.574468	170	0.529412	2.673064	783	0.254151	0.316000	0.408967	
792	0.270202	51	0.411765	157	0.471338	2.673064	792	0.270202	0.309000	0.408357	
766	0.258486	82	0.426829	152	0.526316	2.673064	766	0.258486	0.313000	0.407779	
762	0.276903	76	0.460526	162	0.518519	2.673064	762	0.276903	0.330000	0.407311	
782	0.242967	60	0.400000	158	0.500000	2.673064	782	0.242967	0.293000	0.406626	
744	0.266129	110	0.290909	146	0.623288	2.673064	744	0.266129	0.321000	0.406117	
785	0.261146	57	0.491228	158	0.544304	2.673064	785	0.261146	0.319000	0.405601	
749	0.276368	56	0.303571	195	0.533333	2.673064	749	0.276368	0.328000	0.405145	
781	0.289373	52	0.403846	167	0.467066	2.673064	781	0.289373	0.325000	0.404676	
812	0.252463	51	0.352941	137	0.328467	2.673064	812	0.252463	0.268000	0.403881	
795	0.276730	60	0.416667	145	0.482759	2.673064	795	0.276730	0.315000	0.403368	
776	0.320876	69	0.391304	155	0.516129	2.673064	776	0.320876	0.356000	0.403095	
752	0.263298	74	0.310811	174	0.408046	2.673064	752	0.263298	0.292000	0.402461	
713	0.401122	83	0.253012	204	0.754902	2.673064	713	0.401122	0.461000	0.402793	
772	0.268135	79	0.265823	149	0.469799	2.904640	772	0.268135	0.298000	0.402201	
745	0.268456	83	0.228916	172	0.546512	2.904640	745	0.268456	0.313000	0.401700	
819	0.272283	34	0.147059	147	0.551020	2.904640	819	0.272283	0.309000	0.401182	
773	0.280724	69	0.202899	158	0.493671	2.904640	773	0.280724	0.309000	0.400670	
778	0.285347	59	0.254237	163	0.570552	2.904640	778	0.285347	0.330000	0.400280	
793	0.254729	56	0.196429	151	0.582781	2.904640	793	0.254729	0.301000	0.399734	
791	0.268015	52	0.269231	157	0.464968	2.904640	791	0.268015	0.299000	0.399184	
813	0.205412	39	0.153846	148	0.554054	2.904640	813	0.205412	0.255000	0.398400	
799	0.240300	64	0.250000	137	0.489051	2.904640	799	0.240300	0.275000	0.397733	
782	0.248082	79	0.316456	139	0.330935	2.904640	782	0.248082	0.265000	0.397019	
769	0.254876	64	0.296875	167	0.449102	2.904640	769	0.254876	0.290000	0.396447	
768	0.557292	62	0.354839	170	0.705882	2.904640	768	0.557292	0.570000	0.397370	
755	0.327152	78	0.358974	167	0.676647	5.000000	755	0.327152	0.388000	0.397321	
721	0.194175	106	0.188679	173	0.763006	5.000000	721	0.194175	0.292000	0.396766	
711	0.130802	118	0.118644	171	1.000000	3.222845	711	0.130802	0.278000	0.396145	
709	0.291961	121	0.115702	170	1.000000	1.728214	709	0.291961	0.391000	0.396118	
750	0.446667	86	0.290698	164	1.000000	1.728214	750	0.446667	0.524000	0.396780	
701	0.189729	101	0.237624	198	1.000000	3.362617	701	0.189729	0.355000	0.396565	
738	0.284553	73	0.287671	189	1.000000	2.784646	738	0.284553	0.420000	0.396685	
723	0.253112	100	0.310000	177	1.000000	2.784646	723	0.253112	0.391000	0.396656	
705	0.266667	90	0.211111	205	1.000000	2.784646	705	0.266667	0.412000	0.396734	
720	0.261111	88	0.159091	192	1.000000	2.784646	720	0.261111	0.394000	0.396720	
743	0.244953	103	0.145631	154	1.000000	2.784646	743	0.244953	0.351000	0.396490	
735	0.278912	109	0.146789	156	1.000000	2.784646	735	0.278912	0.377000	0.396393	
743	0.232840	110	0.136364	147	0.993197	2.784646	743	0.232840	0.334000	0.396083	
716	0.294693	107	0.205607	177	1.000000	2.784646	716	0.294693	0.410000	0.396152	
670	0.286567	123	0.162602	207	0.995169	2.784646	670	0.286567	0.418000	0.396259	
710	0.292958	92	0.304348	198	1.000000	2.784646	710	0.292958	0.434000	0.396444	
698	0.287966	100	0.160000	202	1.000000	2.784646	698	0.287966	0.419000	0.396554	
697	0.291248	111	0.198198	192	1.000000	2.784646	697	0.291248	0.417000	0.396653	
731	0.277702	101	0.099010	168	1.000000	2.784646	731	0.277702	0.381000	0.396578	
708	0.248588	112	0.125000	180	1.000000	2.784646	708	0.248588	0.370000	0.396450	
722	0.243767	86	0.209302	192	1.000000	2.784646	722	0.243767	0.386000	0.396400	
733	0.238745	87	0.183908	180	1.000000	2.784646	733	0.238745	0.371000	0.396279	
739	0.242219	92	0.195652	169	0.994083	2.784646	739	0.242219	0.365000	0.396131	
710	0.222535	124	0.177419	166	1.000000	2.784646	710	0.222535	0.346000	0.395894	
708	0.217514	110	0.227273	182	1.000000	2.784646	708	0.217514	0.361000	0.395731	
741	0.224022	87	0.149425	172	1.000000	2.784646	741	0.224022	0.351000	0.395522	
741	0.222672	106	0.132075	153	1.000000	2.784646	741	0.222672	0.332000	0.395226	
707	0.217822	83	0.240964	210	1.000000	2.784646	707	0.217822	0.384000	0.395174	
674	0.280415	134	0.141791	192	1.000000	2.784646	674	0.280415	0.400000	0.395196	
731	0.264022	113	0.123894	156	0.974359	2.784646	731	0.264022	0.359000	0.395030	
748	0.264706	95	0.157895	157	1.000000	2.784646	748	0.264706	0.370000	0.394916	
754	0.237401	83	0.265060	163	0.993865	2.784646	754	0.237401	0.363000	0.394771	
755	0.250331	82	0.317073	163	1.000000	2.784646	755	0.250331	0.378000	0.394695	
689	0.262700	81	0.246914	230	0.995652	2.784646	689	0.262700	0.430000	0.394854	
739	0.242219	77	0.285714	184	1.000000	2.784646	739	0.242219	0.385000	0.394810	
719	0.299026	77	0.233766	204	1.000000	2.784646	719	0.299026	0.437000	0.394998	
695	0.218705	61	0.377049	244	1.000000	2.784646	695	0.218705	0.419000	0.395105	
753	0.305445	52	0.307692	195	1.000000	2.784646	753	0.305445	0.441000	0.395308	
770	0.229870	43	0.186047	187	1.000000	2.784646	770	0.229870	0.372000	0.395205	
757	0.248349	70	0.085714	173	1.000000	2.784646	757	0.248349	0.367000	0.395082	
735	0.232653	57	0.245614	208	1.000000	2.784646	735	0.232653	0.393000	0.395073	
720	0.243056	99	0.171717	181	1.000000	2.784646	720	0.243056	0.373000	0.394977	
697	0.318508	108	0.185185	195	1.000000	2.784646	697	0.318508	0.437000	0.395158	
679	0.234168	116	0.198276	205	0.990244	2.784646	679	0.234168	0.385000	0.395115	
688	0.159884	75	0.333333	237	0.995781	2.784646	688	0.159884	0.371000	0.395011	
674	0.295252	105	0.276190	221	0.963801	2.156979	674	0.295252	0.441000	0.395208	
739	0.355886	88	0.215909	173	1.000000	2.156979	739	0.355886	0.455000	0.395462	
676	0.349112	111	0.225225	213	1.000000	2.156979	676	0.349112	0.474000	0.395795	
729	0.337449	80	0.250000	191	0.916230	2.156979	729	0.337449	0.441000	0.395986	
719	0.394993	100	0.240000	181	1.000000	2.156979	719	0.394993	0.489000	0.396376	
755	0.357616	81	0.222222	164	0.981707	2.156979	755	0.357616	0.449000	0.396597	
768	0.315104	82	0.158537	150	0.906667	2.156979	768	0.315104	0.391000	0.396573	
760	0.256579	97	0.206186	143	0.769231	2.156979	760	0.256579	0.325000	0.396276	
766	0.330287	66	0.181818	168	1.000000	2.156979	766	0.330287	0.433000	0.396428	
721	0.381415	112	0.205357	167	1.000000	2.156979	721	0.381415	0.465000	0.396710	
712	0.339888	138	0.144928	150	0.993333	2.156979	712	0.339888	0.411000	0.396769	
741	0.365722	108	0.148148	151	1.000000	2.156979	741	0.365722	0.438000	0.396937	
721	0.345354	126	0.166667	153	1.000000	2.156979	721	0.345354	0.423000	0.397043	
745	0.311409	94	0.138298	161	1.000000	2.156979	745	0.311409	0.406000	0.397079	
705	0.329078	117	0.162393	178	0.994382	2.156979	705	0.329078	0.428000	0.397204	
699	0.283262	115	0.139130	186	1.000000	2.156979	699	0.283262	0.400000	0.397215	
739	0.381597	102	0.156863	159	1.000000	2.156979	739	0.381597	0.457000	0.397454	
732	0.366120	103	0.155340	165	1.000000	2.156979	732	0.366120	0.449000	0.397660	
723	0.370678	134	0.119403	143	1.000000	2.156979	723	0.370678	0.427000	0.397776	
743	0.366083	110	0.209091	147	1.000000	2.156979	743	0.366083	0.442000	0.397951	
702	0.356125	75	0.280000	223	1.000000	2.156979	702	0.356125	0.494000	0.398329	
714	0.350140	112	0.196429	174	0.988506	2.156979	714	0.350140	0.444000	0.398508	
763	0.319790	98	0.112245	139	1.000000	2.156979	763	0.319790	0.394000	0.398491	
732	0.326503	97	0.175258	171	1.000000	2.156979	732	0.326503	0.427000	0.398602	
724	0.324586	114	0.219298	162	1.000000	2.156979	724	0.324586	0.422000	0.398692	
753	0.467463	110	0.209091	137	1.000000	2.156979	753	0.467463	0.512000	0.399130	
695	0.387050	128	0.226562	177	0.977401	2.630765	695	0.387050	0.471000	0.399406	
681	0.455213	118	0.186441	201	0.960199	2.630765	681	0.455213	0.525000	0.399887	
759	0.245059	82	0.341463	159	0.503145	3.326884	759	0.245059	0.294000	0.399483	
806	0.220844	45	0.466667	149	0.436242	3.326884	806	0.220844	0.264000	0.398968	
761	0.197109	80	0.412500	159	0.515723	3.326884	761	0.197109	0.265000	0.398461	
771	0.356680	61	0.262295	168	0.446429	2.118965	771	0.356680	0.366000	0.398338	
788	0.309645	78	0.333333	134	0.455224	2.118965	788	0.309645	0.331000	0.398085	
782	0.294118	61	0.475410	157	0.292994	2.118965	782	0.294118	0.305000	0.397736	
760	0.330263	69	0.420290	171	0.532164	2.118965	760	0.330263	0.371000	0.397637	
749	0.332443	61	0.409836	190	0.573684	2.118965	749	0.332443	0.383000	0.397582	
736	0.309783	79	0.329114	185	0.481081	2.118965	736	0.309783	0.343000	0.397380	
771	0.298314	61	0.426230	168	0.500000	2.118965	771	0.298314	0.340000	0.397168	
773	0.332471	80	0.287500	147	0.510204	2.118965	773	0.332471	0.355000	0.397013	
761	0.325887	76	0.381579	163	0.453988	2.118965	761	0.325887	0.351000	0.396845	
792	0.323232	54	0.481481	154	0.454545	2.118965	792	0.323232	0.352000	0.396681	
782	0.312020	60	0.366667	158	0.474684	2.118965	782	0.312020	0.341000	0.396479	
801	0.313358	39	0.435897	160	0.468750	2.118965	801	0.313358	0.343000	0.396285	
775	0.310968	61	0.180328	164	0.487805	2.118965	775	0.310968	0.332000	0.396053	
783	0.324393	52	0.288462	165	0.333333	2.118965	783	0.324393	0.324000	0.395794	
793	0.372005	70	0.328571	137	0.591241	2.118965	793	0.372005	0.399000	0.395805	
775	0.349677	52	0.480769	173	0.543353	2.118965	775	0.349677	0.390000	0.395784	
789	0.324461	60	0.433333	151	0.516556	2.118965	789	0.324461	0.360000	0.395657	
821	0.362972	25	0.240000	154	0.480519	2.118965	821	0.362972	0.378000	0.395594	
795	0.316981	62	0.322581	143	0.524476	2.118965	795	0.316981	0.347000	0.395423	
812	0.318966	53	0.264151	135	0.459259	2.118965	812	0.318966	0.335000	0.395210	
764	0.315445	69	0.434783	167	0.652695	2.118965	764	0.315445	0.380000	0.395157	
804	0.330846	33	0.363636	163	0.515337	2.118965	804	0.330846	0.362000	0.395041	
778	0.312339	75	0.386667	147	0.571429	2.118965	778	0.312339	0.356000	0.394905	
792	0.338384	52	0.384615	156	0.551282	2.118965	792	0.338384	0.374000	0.394832	
784	0.329082	45	0.288889	171	0.526316	2.118965	784	0.329082	0.361000	0.394715	
800	0.308750	55	0.290909	145	0.531034	2.118965	800	0.308750	0.340000	0.394526	
786	0.328244	55	0.290909	159	0.540881	2.118965	786	0.328244	0.360000	0.394408	
794	0.321159	54	0.259259	152	0.414474	2.118965	794	0.321159	0.332000	0.394194	
764	0.321990	59	0.372881	177	0.451977	2.118965	764	0.321990	0.348000	0.394036	
771	0.321660	76	0.315789	153	0.431373	2.118965	771	0.321660	0.338000	0.393846	
799	0.362954	46	0.304348	155	0.393548	2.118965	799	0.362954	0.365000	0.393748	
759	0.321476	74	0.445946	167	0.425150	2.118965	759	0.321476	0.348000	0.393593	
787	0.362135	53	0.358491	160	0.468750	2.118965	787	0.362135	0.379000	0.393544	
761	0.302234	61	0.163934	178	0.410112	2.118965	761	0.302234	0.313000	0.393274	
716	0.287709	71	0.295775	213	0.286385	2.118965	716	0.287709	0.288000	0.392922	
766	0.297650	90	0.411111	144	0.513889	2.118965	766	0.297650	0.339000	0.392742	
773	0.306598	67	0.462687	160	0.575000	2.118965	773	0.306598	0.360000	0.392633	
777	0.311454	57	0.438596	166	0.493976	2.118965	777	0.311454	0.349000	0.392489	
811	0.293465	27	0.444444	162	0.191358	2.118965	811	0.293465	0.281000	0.392121	
788	0.324873	50	0.340000	162	0.456790	2.118965	788	0.324873	0.347000	0.391972	
760	0.293421	83	0.433735	157	0.471338	2.118965	760	0.293421	0.333000	0.391779	
774	0.360465	80	0.287500	146	0.534247	2.118965	774	0.360465	0.380000	0.391741	
793	0.324086	58	0.275862	149	0.476510	2.118965	793	0.324086	0.344000	0.391585	
770	0.346753	57	0.333333	173	0.514451	2.118965	770	0.346753	0.375000	0.391531	
794	0.317380	47	0.234043	159	0.591195	2.118965	794	0.317380	0.357000	0.391419	
774	0.307494	80	0.350000	146	0.369863	2.118965	774	0.307494	0.320000	0.391189	
779	0.310655	52	0.403846	169	0.562130	2.118965	779	0.310655	0.358000	0.391082	
762	0.341207	76	0.342105	162	0.500000	2.118965	762	0.341207	0.367000	0.391005	
787	0.315121	51	0.372549	162	0.679012	2.118965	787	0.315121	0.377000	0.390960	
774	0.319121	73	0.328767	153	0.477124	2.118965	774	0.319121	0.344000	0.390811	
794	0.345088	58	0.396552	148	0.527027	2.118965	794	0.345088	0.375000	0.390761	
774	0.281654	64	0.406250	162	0.524691	2.118965	774	0.281654	0.329000	0.390565	
751	0.354194	53	0.358491	196	0.489796	2.118965	751	0.354194	0.381000	0.390535	
787	0.307497	43	0.325581	170	0.452941	2.118965	787	0.307497	0.333000	0.390354	
771	0.339818	50	0.400000	179	0.603352	2.118965	771	0.339818	0.390000	0.390353	
772	0.322539	67	0.417910	161	0.478261	2.118965	772	0.322539	0.354000	0.390239	
783	0.344828	47	0.297872	170	0.458824	2.118965	783	0.344828	0.362000	0.390151	
795	0.371069	67	0.328358	138	0.536232	2.118965	795	0.371069	0.391000	0.390154	
755	0.315232	58	0.293103	187	0.465241	2.118965	755	0.315232	0.342000	0.390005	
769	0.345904	72	0.486111	159	0.509434	2.118965	769	0.345904	0.382000	0.389980	
768	0.347656	73	0.438356	159	0.446541	2.118965	768	0.347656	0.370000	0.389919	
762	0.350394	77	0.298701	161	0.490683	2.118965	762	0.350394	0.369000	0.389855	
753	0.343958	86	0.406977	161	0.428571	2.118965	753	0.343958	0.363000	0.389773	
772	0.351036	81	0.432099	147	0.557823	2.118965	772	0.351036	0.388000	0.389767	
763	0.302752	77	0.285714	160	0.593750	2.118965	763	0.302752	0.348000	0.389640	
780	0.330769	56	0.321429	164	0.493902	2.118965	780	0.330769	0.357000	0.389541	
772	0.266839	57	0.403509	171	0.479532	2.118965	772	0.266839	0.311000	0.389304	
708	0.278249	26	0.230769	266	0.541353	2.118965	708	0.278249	0.347000	0.389177	
726	0.311295	99	0.232323	175	0.577143	2.118965	726	0.311295	0.350000	0.389059	
745	0.334228	73	0.452055	182	0.587912	2.118965	745	0.334228	0.389000	0.389059	
740	0.297297	67	0.283582	193	0.663212	2.118965	740	0.297297	0.367000	0.388993	
755	0.305960	60	0.333333	185	0.572973	2.118965	755	0.305960	0.357000	0.388898	
755	0.286093	51	0.529412	194	0.448454	2.118965	755	0.286093	0.330000	0.388723	
771	0.391699	68	0.382353	161	0.571429	2.118965	771	0.391699	0.420000	0.388815	
752	0.347074	67	0.462687	181	0.436464	2.118965	752	0.347074	0.371000	0.388763	
784	0.325255	66	0.318182	150	0.533333	2.118965	784	0.325255	0.356000	0.388667	
785	0.301911	68	0.352941	147	0.489796	2.118965	785	0.301911	0.333000	0.388503	
762	0.320210	52	0.326923	186	0.489247	2.118965	762	0.320210	0.352000	0.388397	
777	0.328185	42	0.452381	181	0.464088	2.118965	777	0.328185	0.358000	0.388308	
791	0.323641	40	0.350000	169	0.627219	2.118965	791	0.323641	0.376000	0.388272	
781	0.311140	73	0.397260	146	0.424658	2.118965	781	0.311140	0.334000	0.388115	
742	0.340970	97	0.288660	161	0.422360	2.118965	742	0.340970	0.349000	0.388002	
812	0.321429	68	0.264706	120	0.483333	2.118965	812	0.321429	0.337000	0.387855	
778	0.326478	59	0.508475	163	0.552147	2.118965	778	0.326478	0.374000	0.387815	
781	0.318822	75	0.213333	144	0.444444	2.118965	781	0.318822	0.329000	0.387646	
818	0.320293	38	0.368421	144	0.395833	2.118965	818	0.320293	0.333000	0.387490	
772	0.569948	56	0.232143	172	0.598837	2.118965	772	0.569948	0.556000	0.387970	
739	0.300406	104	0.317308	157	0.560510	2.526198	739	0.300406	0.343000	0.387843	
788	0.350254	61	0.344262	151	0.470199	2.526198	788	0.350254	0.368000	0.387786	
769	0.291287	96	0.218750	135	0.548148	2.526198	769	0.291287	0.319000	0.387592	
753	0.274900	80	0.325000	167	0.550898	2.526198	753	0.274900	0.325000	0.387416	
769	0.231469	95	0.210526	136	0.514706	2.526198	769	0.231469	0.268000	0.387080	
755	0.251656	86	0.267442	159	0.515723	2.526198	755	0.251656	0.295000	0.386822	
762	0.308399	83	0.361446	155	0.541935	2.526198	762	0.308399	0.349000	0.386717	
766	0.407311	92	0.326087	142	0.563380	2.526198	766	0.407311	0.422000	0.386815	
733	0.757162	71	0.253521	196	0.994898	3.354294	733	0.757162	0.768000	0.387874	
734	0.574932	62	0.419355	204	0.990196	5.000000	734	0.574932	0.650000	0.388600	
775	0.652903	64	0.250000	161	0.993789	5.000000	775	0.652903	0.682000	0.389411	
780	0.634615	43	0.325581	177	0.994350	5.000000	780	0.634615	0.685000	0.390225	
764	0.630890	65	0.261538	171	0.994152	5.000000	764	0.630890	0.669000	0.390991	
763	0.463958	71	0.239437	166	0.710843	5.000000	763	0.463958	0.489000	0.391259	
815	0.171779	46	0.304348	139	0.474820	5.000000	815	0.171779	0.220000	0.390791	
761	0.189225	70	0.314286	169	0.426036	4.552249	761	0.189225	0.238000	0.390375	
775	0.261935	82	0.329268	143	0.468531	2.702898	775	0.261935	0.297000	0.390121	
816	0.257353	53	0.264151	131	0.480916	2.702898	816	0.257353	0.287000	0.389842	
720	0.227778	78	0.128205	202	0.534653	2.702898	720	0.227778	0.282000	0.389550	
778	0.334190	71	0.253521	151	0.430464	2.702898	778	0.334190	0.343000	0.389425	
767	0.336375	71	0.281690	162	0.549383	2.702898	767	0.336375	0.367000	0.389365	
822	0.452555	56	0.232143	122	0.704918	2.702898	822	0.452555	0.471000	0.389583	
789	0.685678	57	0.280702	154	0.889610	3.213547	789	0.685678	0.694000	0.390397	
780	0.469231	58	0.293103	162	0.851852	4.459640	780	0.469231	0.521000	0.390746	
765	0.639216	79	0.379747	156	0.974359	4.928930	765	0.639216	0.671000	0.391491	
756	0.637566	61	0.245902	183	0.983607	5.000000	756	0.637566	0.677000	0.392248	
780	0.625641	73	0.301370	147	0.986395	5.000000	780	0.625641	0.655000	0.392943	
740	0.550000	73	0.287671	187	0.978610	5.000000	740	0.550000	0.611000	0.393519	
743	0.554509	98	0.255102	159	0.955975	5.000000	743	0.554509	0.589000	0.394033	
771	0.603113	72	0.152778	157	0.980892	5.000000	771	0.603113	0.630000	0.394653	
777	0.486486	54	0.222222	169	0.875740	5.000000	777	0.486486	0.538000	0.395028	
766	0.415144	66	0.212121	168	0.767857	5.000000	766	0.415144	0.461000	0.395200	
773	0.262613	68	0.308824	159	0.591195	5.000000	773	0.262613	0.318000	0.394999	
756	0.247354	95	0.231579	149	0.570470	5.000000	756	0.247354	0.294000	0.394737	
773	0.622251	69	0.333333	158	0.987342	5.000000	773	0.622251	0.660000	0.395424	
779	0.546855	68	0.338235	153	0.915033	5.000000	779	0.546855	0.589000	0.395924	
802	0.133416	63	0.317460	135	0.474074	5.000000	802	0.133416	0.191000	0.395396	
760	0.155263	78	0.371795	162	0.518519	4.464014	760	0.155263	0.231000	0.394973	
777	0.193050	67	0.328358	156	0.576923	3.379136	777	0.193050	0.262000	0.394632	
795	0.374843	66	0.393939	139	0.438849	2.046316	795	0.374843	0.385000	0.394608	
798	0.322055	64	0.453125	138	0.536232	2.046316	798	0.322055	0.360000	0.394519	
789	0.330798	63	0.301587	148	0.587838	2.046316	789	0.330798	0.367000	0.394449	
776	0.342784	60	0.466667	164	0.463415	2.046316	776	0.342784	0.370000	0.394387	
774	0.360465	41	0.560976	185	0.437838	2.046316	774	0.360465	0.383000	0.394358	
796	0.330402	48	0.416667	156	0.538462	2.046316	796	0.330402	0.367000	0.394289	
779	0.364570	61	0.360656	160	0.481250	2.046316	779	0.364570	0.383000	0.394261	
787	0.311309	67	0.268657	146	0.547945	2.046316	787	0.311309	0.343000	0.394132	
760	0.334211	61	0.377049	179	0.497207	2.046316	760	0.334211	0.366000	0.394062	
775	0.357419	71	0.366197	154	0.474026	2.046316	775	0.357419	0.376000	0.394017	
780	0.321795	63	0.349206	157	0.433121	2.046316	780	0.321795	0.341000	0.393884	
806	0.353598	45	0.288889	149	0.476510	2.046316	806	0.353598	0.369000	0.393822	
775	0.352258	70	0.428571	155	0.458065	2.046316	775	0.352258	0.374000	0.393773	
779	0.345315	43	0.465116	178	0.617978	2.046316	779	0.345315	0.399000	0.393786	
751	0.347537	73	0.356164	176	0.539773	2.046316	751	0.347537	0.382000	0.393757	
759	0.350461	71	0.464789	170	0.400000	2.046316	759	0.350461	0.367000	0.393691	
810	0.339506	51	0.372549	139	0.352518	2.046316	810	0.339506	0.343000	0.393567	
797	0.362610	51	0.470588	152	0.559211	2.046316	797	0.362610	0.398000	0.393577	
774	0.346253	65	0.369231	161	0.484472	2.046316	774	0.346253	0.370000	0.393520	
774	0.343669	50	0.360000	176	0.454545	2.046316	774	0.343669	0.364000	0.393448	
809	0.325093	28	0.571429	163	0.595092	2.046316	809	0.325093	0.376000	0.393405	
782	0.350384	33	0.272727	185	0.508108	2.046316	782	0.350384	0.377000	0.393366	
798	0.312030	28	0.500000	174	0.609195	2.046316	798	0.312030	0.369000	0.393307	
770	0.332468	38	0.342105	192	0.651042	2.046316	770	0.332468	0.394000	0.393308	
772	0.353627	36	0.527778	192	0.645833	2.046316	772	0.353627	0.416000	0.393363	
804	0.296020	33	0.575758	163	0.398773	2.046316	804	0.296020	0.322000	0.393191	
763	0.334207	76	0.381579	161	0.565217	2.046316	763	0.334207	0.375000	0.393148	
755	0.353642	64	0.328125	181	0.458564	2.046316	755	0.353642	0.371000	0.393095	
794	0.329975	52	0.211538	154	0.590909	2.046316	794	0.329975	0.364000	0.393025	
761	0.371879	80	0.400000	159	0.528302	2.046316	761	0.371879	0.399000	0.393040	
770	0.355844	70	0.385714	160	0.481250	2.046316	770	0.355844	0.378000	0.393004	
757	0.347424	49	0.428571	194	0.561856	2.046316	757	0.347424	0.393000	0.393004	
777	0.335907	47	0.446809	176	0.409091	2.046316	777	0.335907	0.354000	0.392912	
750	0.346667	64	0.234375	186	0.456989	2.046316	750	0.346667	0.360000	0.392834	
796	0.325377	72	0.305556	132	0.409091	2.046316	796	0.325377	0.335000	0.392698	
787	0.304956	59	0.305085	154	0.422078	2.046316	787	0.304956	0.323000	0.392534	
779	0.379974	55	0.436364	166	0.451807	2.046316	779	0.379974	0.395000	0.392540	
775	0.353548	58	0.327586	167	0.544910	2.046316	775	0.353548	0.384000	0.392520	
783	0.334610	40	0.300000	177	0.395480	2.046316	783	0.334610	0.344000	0.392407	
767	0.331160	66	0.287879	167	0.419162	2.046316	767	0.331160	0.343000	0.392292	
805	0.344099	46	0.521739	149	0.355705	2.046316	805	0.344099	0.354000	0.392203	
774	0.319121	50	0.520000	176	0.431818	2.046316	774	0.319121	0.349000	0.392103	
789	0.362484	58	0.344828	153	0.444444	2.046316	789	0.362484	0.374000	0.392061	
773	0.327296	65	0.384615	162	0.444444	2.046316	773	0.327296	0.350000	0.391965	
773	0.326003	87	0.436782	140	0.485714	2.046316	773	0.326003	0.358000	0.391886	
764	0.308901	66	0.439394	170	0.594118	2.046316	764	0.308901	0.366000	0.391827	
766	0.323760	69	0.478261	165	0.490909	2.046316	766	0.323760	0.362000	0.391759	
793	0.344262	55	0.436364	152	0.519737	2.046316	793	0.344262	0.376000	0.391723	
763	0.374836	69	0.405797	168	0.505952	2.046316	763	0.374836	0.399000	0.391739	
780	0.346154	55	0.290909	165	0.551515	2.046316	780	0.346154	0.377000	0.391706	
781	0.320102	48	0.520833	171	0.497076	2.046316	781	0.320102	0.360000	0.391634	
796	0.327889	51	0.470588	153	0.483660	2.046316	796	0.327889	0.359000	0.391560	
782	0.332481	83	0.373494	135	0.533333	2.046316	782	0.332481	0.363000	0.391496	
758	0.336412	59	0.271186	183	0.508197	2.046316	758	0.336412	0.364000	0.391434	
765	0.351634	67	0.402985	168	0.505952	2.046316	765	0.351634	0.381000	0.391410	
780	0.382051	64	0.453125	156	0.480769	2.046316	780	0.382051	0.402000	0.391434	
807	0.351921	43	0.325581	150	0.553333	2.046316	807	0.351921	0.381000	0.391411	
762	0.354331	77	0.389610	161	0.484472	2.046316	762	0.354331	0.378000	0.391381	
764	0.339005	52	0.307692	184	0.521739	2.046316	764	0.339005	0.371000	0.391335	
747	0.333333	80	0.325000	173	0.485549	2.046316	747	0.333333	0.359000	0.391264	
786	0.347328	50	0.320000	164	0.493902	2.046316	786	0.347328	0.370000	0.391216	
754	0.339523	78	0.294872	168	0.625000	2.046316	754	0.339523	0.384000	0.391200	
790	0.350633	71	0.380282	139	0.496403	2.046316	790	0.350633	0.373000	0.391160	
761	0.316689	65	0.369231	174	0.465517	2.046316	761	0.316689	0.346000	0.391061	
773	0.311772	67	0.373134	160	0.550000	2.046316	773	0.311772	0.354000	0.390979	
762	0.359580	76	0.394737	162	0.265432	2.046316	762	0.359580	0.347000	0.390883	
775	0.348387	81	0.308642	144	0.437500	2.046316	775	0.348387	0.358000	0.390811	
774	0.316537	57	0.385965	169	0.319527	2.046316	774	0.316537	0.321000	0.390659	
760	0.351316	66	0.439394	174	0.511494	2.046316	760	0.351316	0.385000	0.390646	
767	0.348110	71	0.408451	162	0.549383	2.046316	767	0.348110	0.385000	0.390634	
738	0.353659	92	0.434783	170	0.470588	2.046316	738	0.353659	0.381000	0.390613	
766	0.326371	77	0.324675	157	0.484076	2.046316	766	0.326371	0.351000	0.390527	
739	0.331529	80	0.400000	181	0.491713	2.046316	739	0.331529	0.366000	0.390474	
768	0.411458	70	0.271429	162	0.580247	2.046316	768	0.411458	0.429000	0.390557	
768	0.414062	78	0.371795	154	0.558442	2.111723	768	0.414062	0.433000	0.390649	
766	0.245431	80	0.362500	154	0.318182	2.846479	766	0.245431	0.266000	0.390381	
758	0.277045	72	0.236111	170	0.352941	2.846479	758	0.277045	0.287000	0.390160	
783	0.353768	69	0.217391	148	0.391892	2.846479	783	0.353768	0.350000	0.390074	
795	0.558491	55	0.254545	150	0.813333	2.846479	795	0.558491	0.580000	0.390479	
773	0.565330	52	0.269231	175	0.925714	5.000000	773	0.565330	0.613000	0.390952	
792	0.630051	72	0.402778	136	0.970588	5.000000	792	0.630051	0.660000	0.391524	
767	0.428944	79	0.253165	154	0.720779	5.000000	767	0.428944	0.460000	0.391669	
778	0.150386	67	0.194030	155	0.606452	5.000000	778	0.150386	0.224000	0.391314	
770	0.328571	62	0.322581	168	0.690476	4.750817	770	0.328571	0.389000	0.391309	
749	0.324433	79	0.443038	172	0.598837	4.750817	749	0.324433	0.381000	0.391288	
780	0.373077	76	0.302632	144	0.659722	4.750817	780	0.373077	0.409000	0.391325	
669	0.479821	121	0.190083	210	0.966667	4.750817	669	0.479821	0.547000	0.391651	
768	0.394531	64	0.421875	168	0.720238	5.000000	768	0.394531	0.451000	0.391775	
779	0.174583	83	0.289157	138	0.376812	5.000000	779	0.174583	0.212000	0.391400	
758	0.156992	85	0.317647	157	0.477707	4.947483	758	0.156992	0.221000	0.391045	
775	0.277419	86	0.279070	139	0.489209	2.741674	775	0.277419	0.307000	0.390870	
779	0.297818	79	0.303797	142	0.507042	2.741674	779	0.297818	0.328000	0.390740	
741	0.321188	89	0.314607	170	0.452941	2.741674	741	0.321188	0.343000	0.390641	
753	0.312085	95	0.315789	152	0.592105	2.741674	753	0.312085	0.355000	0.390567	
759	0.372859	75	0.226667	166	0.457831	2.741674	759	0.372859	0.376000	0.390537	
763	0.355177	77	0.311688	160	0.506250	2.741674	763	0.355177	0.376000	0.390507	
772	0.269430	73	0.301370	155	0.554839	2.741674	772	0.269430	0.316000	0.390354	
775	0.270968	38	0.368421	187	0.406417	2.741674	775	0.270968	0.300000	0.390169	
799	0.284105	72	0.333333	129	0.488372	2.741674	799	0.284105	0.314000	0.390014	
772	0.317358	69	0.333333	159	0.610063	2.741674	772	0.317358	0.365000	0.389962	
745	0.256376	78	0.230769	177	0.463277	2.741674	745	0.256376	0.291000	0.389761	
734	0.392371	96	0.250000	170	0.841176	2.741674	734	0.392371	0.455000	0.389894	
746	0.694370	74	0.405405	180	0.994444	2.741674	746	0.694370	0.727000	0.390577	
774	0.510336	77	0.324675	149	0.812081	4.402159	774	0.510336	0.541000	0.390882	
772	0.623057	56	0.357143	172	0.959302	5.000000	772	0.623057	0.666000	0.391438	
755	0.541722	79	0.329114	166	0.849398	5.000000	755	0.541722	0.576000	0.391810	
765	0.341176	57	0.315789	178	0.617978	5.000000	765	0.341176	0.389000	0.391804	
775	0.203871	53	0.377358	172	0.552326	5.000000	775	0.203871	0.273000	0.391565	
781	0.170294	83	0.337349	136	0.477941	5.000000	781	0.170294	0.226000	0.391234	
777	0.490347	63	0.222222	160	0.662500	3.110817	777	0.490347	0.501000	0.391453	
792	0.226010	57	0.368421	151	0.483444	4.001152	792	0.226010	0.273000	0.391217	
774	0.170543	70	0.414286	156	0.615385	4.001152	774	0.170543	0.257000	0.390949	
782	0.214834	72	0.388889	146	0.445205	3.050229	782	0.214834	0.261000	0.390691	
769	0.219766	72	0.291667	159	0.364780	3.050229	769	0.219766	0.248000	0.390408	
763	0.242464	63	0.492063	174	0.436782	3.050229	763	0.242464	0.292000	0.390213	
795	0.250314	48	0.416667	157	0.356688	3.050229	795	0.250314	0.275000	0.389985	
804	0.228856	51	0.313725	145	0.434483	3.050229	804	0.228856	0.263000	0.389735	
788	0.211929	63	0.380952	149	0.557047	3.050229	788	0.211929	0.274000	0.389507	
781	0.239437	66	0.621212	153	0.509804	3.050229	781	0.239437	0.306000	0.389343	
753	0.212483	61	0.442623	186	0.532258	3.050229	753	0.212483	0.286000	0.389140	
784	0.218112	68	0.367647	148	0.439189	3.050229	784	0.218112	0.261000	0.388890	
776	0.203608	74	0.324324	150	0.506667	3.050229	776	0.203608	0.258000	0.388634	
786	0.245547	72	0.416667	142	0.436620	3.050229	786	0.245547	0.285000	0.388432	
778	0.214653	56	0.303571	166	0.361446	3.050229	778	0.214653	0.244000	0.388151	
753	0.232404	54	0.222222	193	0.512953	3.050229	753	0.232404	0.286000	0.387953	
786	0.239186	36	0.416667	178	0.483146	3.050229	786	0.239186	0.289000	0.387761	
793	0.211854	52	0.365385	155	0.438710	3.050229	793	0.211854	0.255000	0.387504	
799	0.222778	49	0.265306	152	0.493421	3.050229	799	0.222778	0.266000	0.387270	
804	0.248756	59	0.288136	137	0.635036	3.050229	804	0.248756	0.304000	0.387109	
792	0.248737	63	0.365079	145	0.489655	3.050229	792	0.248737	0.291000	0.386924	
760	0.228947	82	0.170732	158	0.316456	3.050229	760	0.228947	0.238000	0.386638	
772	0.231865	71	0.450704	157	0.445860	3.050229	772	0.231865	0.281000	0.386436	
740	0.248649	84	0.214286	176	0.488636	3.050229	740	0.248649	0.288000	0.386248	
768	0.244792	86	0.302326	146	0.527397	3.050229	768	0.244792	0.291000	0.386066	
788	0.238579	60	0.400000	152	0.552632	3.050229	788	0.238579	0.296000	0.385895	
738	0.196477	91	0.241758	171	0.467836	3.050229	738	0.196477	0.247000	0.385630	
760	0.385526	74	0.364865	166	0.487952	1.716798	760	0.385526	0.401000	0.385660	
764	0.410995	69	0.246377	167	0.473054	1.716798	764	0.410995	0.410000	0.385706	
786	0.330789	43	0.325581	171	0.421053	2.361017	786	0.330789	0.346000	0.385631	
768	0.322917	70	0.428571	162	0.500000	2.361017	768	0.322917	0.359000	0.385580	
771	0.290532	53	0.584906	176	0.454545	2.361017	771	0.290532	0.335000	0.385485	
783	0.298851	52	0.365385	165	0.442424	2.361017	783	0.298851	0.326000	0.385373	
776	0.271907	55	0.345455	169	0.396450	2.361017	776	0.271907	0.297000	0.385208	
801	0.335830	51	0.274510	148	0.486486	2.361017	801	0.335830	0.355000	0.385151	
787	0.302414	63	0.380952	150	0.400000	2.361017	787	0.302414	0.322000	0.385033	
773	0.285899	73	0.356164	154	0.532468	2.361017	773	0.285899	0.329000	0.384928	
783	0.261814	69	0.376812	148	0.371622	2.361017	783	0.261814	0.286000	0.384744	
781	0.256082	53	0.339623	166	0.391566	2.361017	781	0.256082	0.283000	0.384555	
767	0.312907	91	0.384615	142	0.415493	2.361017	767	0.312907	0.334000	0.384461	
781	0.316261	85	0.294118	134	0.462687	2.361017	781	0.316261	0.334000	0.384368	
760	0.293421	75	0.386667	165	0.581818	2.361017	760	0.293421	0.348000	0.384301	
775	0.295484	73	0.438356	152	0.368421	2.361017	775	0.295484	0.317000	0.384176	
761	0.257556	81	0.456790	158	0.563291	2.361017	761	0.257556	0.322000	0.384062	
783	0.291188	43	0.488372	174	0.477011	2.361017	783	0.291188	0.332000	0.383966	
799	0.285357	49	0.469388	152	0.592105	2.361017	799	0.285357	0.341000	0.383887	
750	0.302667	75	0.400000	175	0.474286	2.361017	750	0.302667	0.340000	0.383807	
754	0.302387	89	0.337079	157	0.401274	2.361017	754	0.302387	0.321000	0.383692	
770	0.275325	78	0.320513	152	0.315789	2.361017	770	0.275325	0.285000	0.383512	
766	0.298956	68	0.338235	166	0.367470	2.361017	766	0.298956	0.313000	0.383384	
755	0.296689	78	0.243590	167	0.407186	2.361017	755	0.296689	0.311000	0.383252	
791	0.268015	67	0.343284	142	0.563380	2.361017	791	0.268015	0.315000	0.383128	
786	0.316794	36	0.416667	178	0.539326	2.361017	786	0.316794	0.360000	0.383086	
756	0.267196	83	0.301205	161	0.447205	2.361017	756	0.267196	0.299000	0.382934	
797	0.317440	53	0.358491	150	0.413333	2.361017	797	0.317440	0.334000	0.382846	
802	0.311721	45	0.244444	153	0.496732	2.361017	802	0.311721	0.337000	0.382763	
771	0.297017	59	0.305085	170	0.358824	2.361017	771	0.297017	0.308000	0.382629	
771	0.308690	65	0.400000	164	0.518293	2.361017	771	0.308690	0.349000	0.382568	
777	0.306306	65	0.369231	158	0.462025	2.361017	777	0.306306	0.335000	0.382483	
773	0.294955	76	0.184211	151	0.430464	2.361017	773	0.294955	0.307000	0.382348	
746	0.290885	77	0.311688	177	0.485876	2.361017	746	0.290885	0.327000	0.382249	
768	0.324219	69	0.333333	163	0.503067	2.361017	768	0.324219	0.354000	0.382199	
748	0.295455	62	0.548387	190	0.421053	2.361017	748	0.295455	0.335000	0.382115	
794	0.278338	60	0.366667	146	0.527397	2.361017	794	0.278338	0.320000	0.382005	
788	0.300761	60	0.316667	152	0.348684	2.361017	788	0.300761	0.309000	0.381875	
787	0.282084	72	0.333333	141	0.496454	2.361017	787	0.282084	0.316000	0.381759	
754	0.306366	83	0.277108	163	0.355828	2.361017	754	0.306366	0.312000	0.381635	
787	0.296061	57	0.333333	156	0.474359	2.361017	787	0.296061	0.326000	0.381537	
777	0.303732	70	0.342857	153	0.405229	2.361017	777	0.303732	0.322000	0.381432	
759	0.326746	72	0.500000	169	0.455621	2.361017	759	0.326746	0.361000	0.381397	
785	0.278981	37	0.486486	178	0.449438	2.361017	785	0.278981	0.317000	0.381284	
738	0.318428	77	0.363636	185	0.481081	2.361017	738	0.318428	0.352000	0.381232	
773	0.302717	87	0.321839	140	0.542857	2.361017	773	0.302717	0.338000	0.381157	
765	0.335948	92	0.315217	143	0.440559	2.361017	765	0.335948	0.349000	0.381101	
710	0.318310	84	0.380952	206	0.582524	2.361017	710	0.318310	0.378000	0.381095	
757	0.309115	65	0.338462	178	0.505618	2.361017	757	0.309115	0.346000	0.381034	
761	0.314060	82	0.378049	157	0.560510	2.361017	761	0.314060	0.358000	0.380994	
795	0.308176	66	0.303030	139	0.575540	2.361017	795	0.308176	0.345000	0.380932	
781	0.298335	51	0.490196	168	0.589286	2.361017	781	0.298335	0.357000	0.380890	
738	0.325203	75	0.506667	187	0.614973	2.361017	738	0.325203	0.393000	0.380911	
762	0.290026	71	0.408451	167	0.395210	2.361017	762	0.290026	0.316000	0.380799	
774	0.276486	74	0.310811	152	0.513158	2.361017	774	0.276486	0.315000	0.380686	
777	0.266409	72	0.333333	151	0.496689	2.361017	777	0.266409	0.306000	0.380558	
795	0.294340	35	0.371429	170	0.441176	2.361017	795	0.294340	0.322000	0.380457	
789	0.292776	49	0.326531	162	0.592593	2.361017	789	0.292776	0.343000	0.380393	
764	0.294503	78	0.294872	158	0.430380	2.361017	764	0.294503	0.316000	0.380283	
768	0.272135	85	0.317647	147	0.517007	2.361017	768	0.272135	0.312000	0.380167	
784	0.286990	56	0.392857	160	0.506250	2.361017	784	0.286990	0.328000	0.380078	
817	0.312118	45	0.311111	138	0.492754	2.361017	817	0.312118	0.337000	0.380004	
797	0.342535	66	0.257576	137	0.518248	2.361017	797	0.342535	0.361000	0.379972	
779	0.301669	57	0.385965	164	0.524390	2.361017	779	0.301669	0.343000	0.379910	
800	0.311250	29	0.413793	171	0.520468	2.361017	800	0.311250	0.350000	0.379859	
773	0.248383	74	0.351351	153	0.398693	2.361017	773	0.248383	0.279000	0.379689	
823	0.279465	42	0.428571	135	0.451852	2.361017	823	0.279465	0.309000	0.379569	
771	0.308690	76	0.394737	153	0.535948	2.361017	771	0.308690	0.350000	0.379520	
792	0.306818	29	0.379310	179	0.536313	2.361017	792	0.306818	0.350000	0.379470	
749	0.281709	93	0.258065	158	0.493671	2.361017	749	0.281709	0.313000	0.379358	
757	0.330251	59	0.254237	184	0.559783	2.361017	757	0.330251	0.368000	0.379339	
789	0.276299	76	0.263158	135	0.555556	2.361017	789	0.276299	0.313000	0.379228	
805	0.304348	72	0.305556	123	0.560976	2.361017	805	0.304348	0.336000	0.379156	
797	0.283563	50	0.400000	153	0.496732	2.361017	797	0.283563	0.322000	0.379061	
774	0.288114	39	0.512821	187	0.561497	2.361017	774	0.288114	0.348000	0.379009	
770	0.277922	50	0.560000	180	0.561111	2.361017	770	0.277922	0.343000	0.378950	
764	0.316754	26	0.384615	210	0.466667	2.361017	764	0.316754	0.350000	0.378902	
765	0.318954	50	0.360000	185	0.529730	2.361017	765	0.318954	0.360000	0.378870	
772	0.269430	64	0.406250	164	0.554878	2.361017	772	0.269430	0.325000	0.378781	
762	0.286089	64	0.453125	174	0.471264	2.361017	762	0.286089	0.329000	0.378699	
757	0.293263	89	0.382022	154	0.441558	2.361017	757	0.293263	0.324000	0.378609	
817	0.257038	47	0.276596	136	0.536765	2.361017	817	0.257038	0.296000	0.378473	
747	0.303882	79	0.379747	174	0.574713	2.361017	747	0.303882	0.357000	0.378438	
757	0.303831	71	0.366197	172	0.500000	2.361017	757	0.303831	0.342000	0.378378	
772	0.300518	67	0.507463	161	0.403727	2.361017	772	0.300518	0.331000	0.378301	
776	0.271907	60	0.400000	164	0.439024	2.361017	776	0.271907	0.307000	0.378184	
730	0.290411	67	0.388060	203	0.418719	2.361017	730	0.290411	0.323000	0.378094	
765	0.279739	39	0.538462	196	0.367347	2.361017	765	0.279739	0.307000	0.377978	
784	0.320153	66	0.439394	150	0.413333	2.361017	784	0.320153	0.342000	0.377920	
780	0.276923	76	0.342105	144	0.513889	2.361017	780	0.276923	0.316000	0.377819	
776	0.274485	72	0.263889	152	0.440789	2.361017	776	0.274485	0.299000	0.377691	
779	0.323492	71	0.323944	150	0.540000	2.361017	779	0.323492	0.356000	0.377656	
806	0.310174	42	0.476190	152	0.480263	2.361017	806	0.310174	0.343000	0.377600	
777	0.268983	52	0.384615	171	0.450292	2.361017	777	0.268983	0.306000	0.377485	
784	0.292092	60	0.383333	156	0.512821	2.361017	784	0.292092	0.332000	0.377412	
761	0.308804	68	0.470588	171	0.532164	2.361017	761	0.308804	0.358000	0.377380	
792	0.277778	48	0.395833	160	0.381250	2.361017	792	0.277778	0.300000	0.377256	
788	0.280457	61	0.442623	151	0.463576	2.361017	788	0.280457	0.318000	0.377161	
778	0.281491	53	0.320755	169	0.491124	2.361017	778	0.281491	0.319000	0.377068	
790	0.283544	57	0.403509	153	0.437908	2.361017	790	0.283544	0.314000	0.376967	
780	0.293590	54	0.259259	166	0.439759	2.361017	780	0.293590	0.316000	0.376870	
759	0.306983	68	0.485294	173	0.549133	2.361017	759	0.306983	0.361000	0.376845	
782	0.301790	67	0.328358	151	0.496689	2.361017	782	0.301790	0.333000	0.376775	
787	0.321474	57	0.473684	156	0.435897	2.361017	787	0.321474	0.348000	0.376730	
767	0.311604	64	0.328125	169	0.526627	2.361017	767	0.311604	0.349000	0.376686	
821	0.288672	36	0.444444	143	0.545455	2.361017	821	0.288672	0.331000	0.376613	
807	0.333333	46	0.413043	147	0.510204	2.361017	807	0.333333	0.363000	0.376592	
721	0.332871	91	0.307692	188	0.585106	2.361017	721	0.332871	0.378000	0.376594	
777	0.310167	69	0.289855	154	0.500000	2.361017	777	0.310167	0.338000	0.376533	
775	0.269677	67	0.343284	158	0.392405	2.361017	775	0.269677	0.294000	0.376403	
789	0.324461	50	0.380000	161	0.534161	2.361017	789	0.324461	0.361000	0.376379	
740	0.301351	81	0.382716	179	0.469274	2.361017	740	0.301351	0.338000	0.376319	
761	0.283837	71	0.323944	168	0.559524	2.361017	761	0.283837	0.333000	0.376251	
767	0.277705	86	0.313953	147	0.482993	2.361017	767	0.277705	0.311000	0.376149	
784	0.313776	57	0.298246	159	0.515723	2.361017	784	0.313776	0.345000	0.376101	
809	0.275649	35	0.314286	156	0.512821	2.361017	809	0.275649	0.314000	0.376004	
771	0.278859	63	0.365079	166	0.259036	2.361017	771	0.278859	0.281000	0.375856	
780	0.297436	46	0.326087	174	0.522989	2.361017	780	0.297436	0.338000	0.375798	
763	0.275229	70	0.414286	167	0.580838	2.361017	763	0.275229	0.336000	0.375736	
777	0.302445	65	0.307692	158	0.430380	2.361017	777	0.302445	0.323000	0.375654	
792	0.313131	49	0.489796	159	0.528302	2.361017	792	0.313131	0.356000	0.375624	
817	0.307222	37	0.459459	146	0.561644	2.361017	817	0.307222	0.350000	0.375584	
750	0.300000	73	0.369863	177	0.525424	2.361017	750	0.300000	0.345000	0.375537	
773	0.298836	84	0.404762	143	0.475524	2.361017	773	0.298836	0.333000	0.375472	
781	0.304738	58	0.396552	161	0.403727	2.361017	781	0.304738	0.326000	0.375396	
763	0.313237	70	0.500000	167	0.502994	2.361017	763	0.313237	0.358000	0.375369	
792	0.318182	50	0.380000	158	0.481013	2.361017	792	0.318182	0.347000	0.375326	
784	0.307398	82	0.365854	134	0.417910	2.361017	784	0.307398	0.327000	0.375252	
776	0.289948	71	0.380282	153	0.496732	2.361017	776	0.289948	0.328000	0.375180	
759	0.305665	62	0.370968	179	0.418994	2.361017	759	0.305665	0.330000	0.375111	
774	0.306202	64	0.421875	162	0.438272	2.361017	774	0.306202	0.335000	0.375050	
774	0.322997	52	0.307692	174	0.431034	2.361017	774	0.322997	0.341000	0.374998	
770	0.306494	61	0.377049	169	0.414201	2.361017	770	0.306494	0.329000	0.374928	
794	0.278338	19	0.210526	187	0.513369	2.361017	794	0.278338	0.321000	0.374846	
797	0.304893	62	0.370968	141	0.432624	2.361017	797	0.304893	0.327000	0.374774	
770	0.279221	65	0.292308	165	0.430303	2.361017	770	0.279221	0.305000	0.374669	
764	0.325916	73	0.493151	163	0.496933	2.361017	764	0.325916	0.366000	0.374656	
769	0.308192	84	0.297619	147	0.428571	2.361017	769	0.308192	0.325000	0.374581	
809	0.315204	50	0.260000	141	0.539007	2.361017	809	0.315204	0.344000	0.374535	
793	0.286255	40	0.425000	167	0.389222	2.361017	793	0.286255	0.309000	0.374436	
800	0.305000	50	0.280000	150	0.480000	2.361017	800	0.305000	0.330000	0.374370	
804	0.296020	39	0.333333	157	0.458599	2.361017	804	0.296020	0.323000	0.374293	
786	0.300254	61	0.442623	153	0.333333	2.361017	786	0.300254	0.314000	0.374203	
756	0.288360	77	0.376623	167	0.395210	2.361017	756	0.288360	0.313000	0.374111	
749	0.291055	83	0.240964	168	0.494048	2.361017	749	0.291055	0.321000	0.374032	
782	0.310742	63	0.444444	155	0.561290	2.361017	782	0.310742	0.358000	0.374008	
795	0.271698	45	0.377778	160	0.562500	2.361017	795	0.271698	0.323000	0.373933	
767	0.290743	81	0.370370	152	0.513158	2.361017	767	0.290743	0.331000	0.373869	
745	0.287248	55	0.381818	200	0.410000	2.361017	745	0.287248	0.317000	0.373785	
799	0.315394	43	0.465116	158	0.544304	2.361017	799	0.315394	0.358000	0.373761	
811	0.356350	16	0.187500	173	0.491329	2.361017	811	0.356350	0.377000	0.373766	
802	0.286783	56	0.428571	142	0.457746	2.361017	802	0.286783	0.319000	0.373685	
754	0.314324	86	0.395349	160	0.462500	2.361017	754	0.314324	0.345000	0.373643	
787	0.299873	76	0.368421	137	0.394161	2.361017	787	0.299873	0.318000	0.373561	
793	0.303909	45	0.511111	162	0.592593	2.361017	793	0.303909	0.360000	0.373541	
793	0.291299	57	0.403509	150	0.493333	2.361017	793	0.291299	0.328000	0.373475	
767	0.277705	79	0.329114	154	0.461039	2.361017	767	0.277705	0.310000	0.373382	
780	0.312821	58	0.293103	162	0.444444	2.361017	780	0.312821	0.333000	0.373323	
794	0.301008	49	0.387755	157	0.535032	2.361017	794	0.301008	0.342000	0.373277	
803	0.276463	38	0.500000	159	0.408805	2.361017	803	0.276463	0.306000	0.373179	
765	0.300654	76	0.328947	159	0.427673	2.361017	765	0.300654	0.323000	0.373106	
794	0.307305	45	0.377778	161	0.428571	2.361017	794	0.307305	0.330000	0.373043	
809	0.321384	34	0.470588	157	0.515924	2.361017	809	0.321384	0.357000	0.373020	
806	0.291563	48	0.437500	146	0.582192	2.361017	806	0.291563	0.341000	0.372973	
790	0.296203	52	0.500000	158	0.481013	2.361017	790	0.296203	0.336000	0.372920	
795	0.277987	52	0.384615	153	0.464052	2.361017	795	0.277987	0.312000	0.372832	
782	0.323529	66	0.393939	152	0.572368	2.361017	782	0.323529	0.366000	0.372822	
767	0.310300	65	0.415385	168	0.488095	2.361017	767	0.310300	0.347000	0.372785	
771	0.289235	45	0.622222	184	0.494565	2.361017	771	0.289235	0.342000	0.372740	
779	0.274711	40	0.475000	181	0.519337	2.361017	779	0.274711	0.327000	0.372675	
784	0.267857	53	0.358491	163	0.503067	2.361017	784	0.267857	0.311000	0.372586	
742	0.308625	78	0.307692	180	0.511111	2.361017	742	0.308625	0.345000	0.372547	
762	0.274278	73	0.342466	165	0.406061	2.361017	762	0.274278	0.301000	0.372444	
769	0.297789	72	0.277778	159	0.440252	2.361017	769	0.297789	0.319000	0.372368	
787	0.278272	55	0.309091	158	0.379747	2.361017	787	0.278272	0.296000	0.372259	
766	0.302872	84	0.321429	150	0.386667	2.361017	766	0.302872	0.317000	0.372180	
741	0.282051	71	0.267606	188	0.473404	2.361017	741	0.282051	0.317000	0.372102	
790	0.341772	53	0.320755	157	0.439490	2.361017	790	0.341772	0.356000	0.372079	
768	0.290365	77	0.363636	155	0.432258	2.361017	768	0.290365	0.318000	0.372002	
765	0.282353	82	0.121951	153	0.339869	2.361017	765	0.282353	0.278000	0.371869	
731	0.404925	112	0.267857	157	0.668790	2.361017	731	0.404925	0.431000	0.371953	
759	0.642951	73	0.246575	168	0.928571	3.965363	759	0.642951	0.662000	0.372362	
756	0.611111	79	0.215190	165	0.969697	4.574396	756	0.611111	0.639000	0.372739	
758	0.550132	90	0.266667	152	0.894737	5.000000	758	0.550132	0.577000	0.373026	
778	0.600257	64	0.265625	158	0.911392	5.000000	778	0.600257	0.628000	0.373385	
746	0.605898	93	0.215054	161	0.869565	5.000000	746	0.605898	0.612000	0.373720	
751	0.545939	83	0.349398	166	0.867470	5.000000	751	0.545939	0.583000	0.374014	
774	0.624031	81	0.259259	145	0.931034	5.000000	774	0.624031	0.639000	0.374385	
756	0.621693	85	0.317647	159	0.981132	5.000000	756	0.621693	0.653000	0.374774	
769	0.605982	58	0.293103	173	0.872832	5.000000	769	0.605982	0.634000	0.375136	
768	0.609375	51	0.215686	181	0.933702	5.000000	768	0.609375	0.648000	0.375517	
790	0.573418	53	0.169811	157	0.942675	5.000000	790	0.573418	0.610000	0.375843	
765	0.461438	81	0.296296	154	0.675325	5.000000	765	0.461438	0.481000	0.375990	
771	0.176394	94	0.287234	135	0.555556	5.000000	771	0.176394	0.238000	0.375798	
752	0.167553	101	0.287129	147	0.510204	4.873504	752	0.167553	0.230000	0.375596	
778	0.192802	57	0.245614	165	0.539394	4.331794	778	0.192802	0.253000	0.375426	
754	0.595491	68	0.338235	178	0.786517	3.477798	754	0.595491	0.612000	0.375753	
735	0.356463	92	0.184783	173	0.976879	4.935655	735	0.356463	0.448000	0.375853	
740	0.193243	94	0.148936	166	0.993976	4.935655	740	0.193243	0.322000	0.375779	
758	0.693931	81	0.296296	161	0.981366	3.024219	758	0.693931	0.708000	0.376236	
756	0.264550	76	0.263158	168	0.666667	5.000000	756	0.264550	0.332000	0.376176	
781	0.212548	75	0.306667	144	0.527778	5.000000	781	0.212548	0.265000	0.376023	
778	0.263496	63	0.333333	159	0.597484	5.000000	778	0.263496	0.321000	0.375947	
778	0.496144	77	0.220779	145	0.800000	5.000000	778	0.496144	0.519000	0.376143	
756	0.530423	60	0.166667	184	0.858696	5.000000	756	0.530423	0.569000	0.376407	
779	0.609756	68	0.338235	153	0.986928	5.000000	779	0.609756	0.649000	0.376780	
733	0.525239	98	0.224490	169	0.982249	5.000000	733	0.525239	0.573000	0.377047	
737	0.567164	82	0.256098	181	0.861878	5.000000	737	0.567164	0.595000	0.377344	
766	0.459530	75	0.306667	159	0.779874	5.000000	766	0.459530	0.499000	0.377510	
734	0.524523	104	0.346154	162	0.950617	5.000000	734	0.524523	0.575000	0.377778	
770	0.485714	75	0.320000	155	0.741935	5.000000	770	0.485714	0.513000	0.377961	
792	0.685606	46	0.347826	162	0.975309	5.000000	792	0.685606	0.717000	0.378421	
772	0.613990	63	0.349206	165	0.957576	5.000000	772	0.613990	0.654000	0.378794	
761	0.655716	79	0.189873	160	1.000000	5.000000	761	0.655716	0.674000	0.379193	
689	0.233672	127	0.149606	184	1.000000	5.000000	689	0.233672	0.364000	0.379172	
618	0.100324	143	0.181818	239	0.995816	5.000000	618	0.100324	0.326000	0.379101	
641	0.140406	80	0.187500	279	1.000000	4.646578	641	0.140406	0.384000	0.379107	
707	0.281471	95	0.263158	198	1.000000	3.961817	707	0.281471	0.422000	0.379165	
704	0.288352	90	0.322222	206	0.674757	3.961817	704	0.288352	0.371000	0.379154	
762	0.220472	77	0.363636	161	0.472050	3.961817	762	0.220472	0.272000	0.379010	
804	0.202736	62	0.322581	134	0.291045	3.961817	804	0.202736	0.222000	0.378800	
783	0.185185	53	0.320755	164	0.457317	3.961817	783	0.185185	0.237000	0.378610	
810	0.270370	39	0.282051	151	0.582781	2.674796	810	0.270370	0.318000	0.378530	
799	0.302879	46	0.413043	155	0.464516	2.674796	799	0.302879	0.333000	0.378469	
767	0.295958	74	0.391892	159	0.377358	2.674796	767	0.295958	0.316000	0.378386	
806	0.294045	49	0.408163	145	0.468966	2.674796	806	0.294045	0.325000	0.378315	
804	0.266169	60	0.433333	136	0.588235	2.674796	804	0.266169	0.320000	0.378237	
789	0.282636	41	0.439024	170	0.600000	2.674796	789	0.282636	0.343000	0.378190	
797	0.257215	52	0.288462	151	0.483444	2.674796	797	0.257215	0.293000	0.378078	
783	0.246488	46	0.326087	171	0.497076	2.674796	783	0.246488	0.293000	0.377965	
783	0.252874	55	0.254545	162	0.339506	2.674796	783	0.252874	0.267000	0.377819	
760	0.244737	69	0.304348	171	0.385965	2.674796	760	0.244737	0.273000	0.377680	
791	0.271808	47	0.404255	162	0.376543	2.674796	791	0.271808	0.295000	0.377571	
793	0.247163	59	0.305085	148	0.506757	2.674796	793	0.247163	0.289000	0.377455	
802	0.248130	49	0.469388	149	0.456376	2.674796	802	0.248130	0.290000	0.377340	
811	0.276202	41	0.341463	148	0.459459	2.674796	811	0.276202	0.306000	0.377246	
781	0.276569	59	0.457627	160	0.525000	2.674796	781	0.276569	0.327000	0.377180	
755	0.264901	74	0.364865	171	0.538012	2.674796	755	0.264901	0.319000	0.377104	
782	0.278772	58	0.448276	160	0.412500	2.674796	782	0.278772	0.310000	0.377017	
781	0.299616	61	0.409836	158	0.594937	2.674796	781	0.299616	0.353000	0.376985	
797	0.242158	57	0.385965	146	0.438356	2.674796	797	0.242158	0.279000	0.376857	
790	0.264557	57	0.456140	153	0.431373	2.674796	790	0.264557	0.301000	0.376759	
786	0.253181	46	0.456522	168	0.404762	2.674796	786	0.253181	0.288000	0.376643	
780	0.253846	64	0.328125	156	0.551282	2.674796	780	0.253846	0.305000	0.376550	
791	0.241466	47	0.404255	162	0.592593	2.674796	791	0.241466	0.306000	0.376459	
763	0.238532	69	0.376812	168	0.696429	2.674796	763	0.238532	0.325000	0.376392	
785	0.226752	47	0.319149	168	0.625000	2.674796	785	0.226752	0.298000	0.376291	
781	0.257362	67	0.328358	152	0.500000	2.674796	781	0.257362	0.299000	0.376191	
779	0.234917	67	0.373134	154	0.461039	2.674796	779	0.234917	0.279000	0.376065	
752	0.259309	104	0.384615	144	0.493056	2.674796	752	0.259309	0.306000	0.375975	
786	0.291349	62	0.370968	152	0.480263	2.674796	786	0.291349	0.325000	0.375909	
804	0.274876	42	0.380952	154	0.480519	2.674796	804	0.274876	0.311000	0.375826	
799	0.262829	32	0.250000	169	0.455621	2.674796	799	0.262829	0.295000	0.375722	
769	0.262679	59	0.288136	172	0.552326	2.674796	769	0.262679	0.314000	0.375643	
784	0.234694	39	0.384615	177	0.542373	2.674796	784	0.234694	0.295000	0.375540	
798	0.245614	53	0.339623	149	0.523490	2.674796	798	0.245614	0.292000	0.375433	
769	0.280884	67	0.447761	164	0.487805	2.674796	769	0.280884	0.326000	0.375370	
784	0.262755	63	0.317460	153	0.509804	2.674796	784	0.262755	0.304000	0.375279	
796	0.281407	50	0.400000	154	0.532468	2.674796	796	0.281407	0.326000	0.375216	
783	0.278416	44	0.340909	173	0.618497	2.674796	783	0.278416	0.340000	0.375171	
777	0.268983	37	0.405405	186	0.483871	2.674796	777	0.268983	0.314000	0.375094	
777	0.299871	37	0.243243	186	0.548387	2.674796	777	0.299871	0.344000	0.375054	
743	0.283984	51	0.333333	206	0.533981	2.674796	743	0.283984	0.338000	0.375007	
769	0.275683	58	0.431034	173	0.566474	2.674796	769	0.275683	0.335000	0.374956	
801	0.224719	56	0.410714	143	0.601399	2.674796	801	0.224719	0.289000	0.374848	
755	0.255629	81	0.370370	164	0.432927	2.674796	755	0.255629	0.294000	0.374746	
780	0.228205	73	0.397260	147	0.551020	2.674796	780	0.228205	0.288000	0.374636	
767	0.279009	73	0.328767	160	0.462500	2.674796	767	0.279009	0.312000	0.374557	
779	0.281130	55	0.490909	166	0.548193	2.674796	779	0.281130	0.337000	0.374510	
758	0.262533	67	0.462687	175	0.537143	2.674796	758	0.262533	0.324000	0.374447	
773	0.305304	52	0.307692	175	0.560000	2.674796	773	0.305304	0.350000	0.374416	
766	0.262402	69	0.318841	165	0.539394	2.674796	766	0.262402	0.312000	0.374338	
768	0.263021	73	0.369863	159	0.591195	2.674796	768	0.263021	0.323000	0.374274	
775	0.219355	79	0.367089	146	0.349315	2.674796	775	0.219355	0.250000	0.374118	
780	0.276923	47	0.404255	173	0.543353	2.674796	780	0.276923	0.329000	0.374062	
786	0.267176	76	0.302632	138	0.500000	2.674796	786	0.267176	0.302000	0.373972	
742	0.258760	59	0.271186	199	0.572864	2.674796	742	0.258760	0.322000	0.373907	
779	0.287548	64	0.390625	157	0.522293	2.674796	779	0.287548	0.331000	0.373854	
788	0.274112	71	0.309859	141	0.468085	2.674796	788	0.274112	0.304000	0.373767	
799	0.255319	51	0.411765	150	0.560000	2.674796	799	0.255319	0.309000	0.373687	
791	0.274336	69	0.347826	140	0.507143	2.674796	791	0.274336	0.312000	0.373610	
795	0.262893	61	0.311475	144	0.534722	2.674796	795	0.262893	0.305000	0.373526	
779	0.286264	55	0.309091	166	0.524096	2.674796	779	0.286264	0.327000	0.373468	
767	0.303781	60	0.400000	173	0.491329	2.674796	767	0.303781	0.342000	0.373429	
770	0.294805	60	0.416667	170	0.494118	2.674796	770	0.294805	0.336000	0.373383	
762	0.292651	70	0.442857	168	0.500000	2.674796	762	0.292651	0.338000	0.373339	
777	0.250965	56	0.428571	167	0.508982	2.674796	777	0.250965	0.304000	0.373254	
762	0.253281	68	0.382353	170	0.488235	2.674796	762	0.253281	0.302000	0.373167	
756	0.268519	76	0.381579	168	0.464286	2.674796	756	0.268519	0.310000	0.373089	
801	0.267166	54	0.314815	145	0.510345	2.674796	801	0.267166	0.305000	0.373006	
753	0.253652	66	0.348485	181	0.447514	2.674796	753	0.253652	0.295000	0.372910	
770	0.292208	87	0.344828	143	0.706294	2.674796	770	0.292208	0.356000	0.372890	
768	0.236979	68	0.235294	164	0.445122	2.674796	768	0.236979	0.271000	0.372765	
787	0.277001	45	0.422222	168	0.422619	2.674796	787	0.277001	0.308000	0.372686	
792	0.241162	52	0.461538	156	0.551282	2.674796	792	0.241162	0.301000	0.372599	
770	0.245455	64	0.234375	166	0.572289	2.674796	770	0.245455	0.299000	0.372509	
769	0.273082	82	0.231707	149	0.456376	2.674796	769	0.273082	0.297000	0.372418	
733	0.255116	106	0.349057	161	0.285714	2.674796	733	0.255116	0.270000	0.372293	
775	0.237419	65	0.353846	160	0.406250	2.674796	775	0.237419	0.272000	0.372172	
770	0.285714	64	0.234375	166	0.343373	2.674796	770	0.285714	0.292000	0.372075	
756	0.292328	64	0.468750	180	0.483333	2.674796	756	0.292328	0.338000	0.372033	
773	0.265201	67	0.298507	160	0.425000	2.674796	773	0.265201	0.293000	0.371938	
774	0.299742	85	0.541176	141	0.404255	2.674796	774	0.299742	0.335000	0.371893	
752	0.259309	77	0.285714	171	0.543860	2.674796	752	0.259309	0.310000	0.371819	
761	0.272011	88	0.261364	151	0.450331	2.674796	761	0.272011	0.298000	0.371730	
763	0.277851	80	0.512500	157	0.407643	2.674796	763	0.277851	0.317000	0.371664	
758	0.271768	67	0.417910	175	0.491429	2.674796	758	0.271768	0.320000	0.371602	
764	0.259162	64	0.437500	172	0.616279	2.674796	764	0.259162	0.332000	0.371555	
784	0.286990	54	0.333333	162	0.543210	2.674796	784	0.286990	0.331000	0.371506	
770	0.263636	77	0.311688	153	0.522876	2.674796	770	0.263636	0.307000	0.371429	
758	0.329815	80	0.250000	162	0.524691	2.674796	758	0.329815	0.355000	0.371409	
773	0.263907	62	0.451613	165	0.539394	2.674796	773	0.263907	0.321000	0.371349	
784	0.290816	47	0.382979	169	0.461538	2.674796	784	0.290816	0.324000	0.371293	
790	0.291139	56	0.446429	154	0.564935	2.674796	790	0.291139	0.342000	0.371258	
788	0.247462	70	0.285714	142	0.549296	2.674796	788	0.247462	0.293000	0.371165	
793	0.255990	52	0.423077	155	0.425806	2.674796	793	0.255990	0.291000	0.371070	
797	0.254705	54	0.500000	149	0.583893	2.674796	797	0.254705	0.317000	0.371005	
757	0.273448	77	0.454545	166	0.487952	2.674796	757	0.273448	0.323000	0.370949	
788	0.241117	54	0.407407	158	0.512658	2.674796	788	0.241117	0.293000	0.370856	
787	0.268107	54	0.462963	159	0.452830	2.674796	787	0.268107	0.308000	0.370782	
772	0.296632	65	0.415385	163	0.484663	2.674796	772	0.296632	0.335000	0.370740	
793	0.295082	50	0.180000	157	0.414013	2.674796	793	0.295082	0.308000	0.370666	
778	0.228792	67	0.402985	155	0.470968	2.674796	778	0.228792	0.278000	0.370557	
790	0.234177	48	0.291667	162	0.432099	2.674796	790	0.234177	0.269000	0.370437	
768	0.229167	75	0.346667	157	0.363057	2.674796	768	0.229167	0.259000	0.370306	
794	0.274559	76	0.355263	130	0.353846	2.674796	794	0.274559	0.291000	0.370213	
808	0.267327	40	0.550000	152	0.486842	2.674796	808	0.267327	0.312000	0.370145	
803	0.235367	33	0.424242	164	0.408537	2.674796	803	0.235367	0.270000	0.370028	
789	0.238276	22	0.363636	189	0.603175	2.674796	789	0.238276	0.310000	0.369957	
806	0.215881	29	0.448276	165	0.448485	2.674796	806	0.215881	0.261000	0.369830	
811	0.224414	39	0.333333	150	0.333333	2.674796	811	0.224414	0.245000	0.369685	
803	0.235367	28	0.250000	169	0.437870	2.674796	803	0.235367	0.270000	0.369568	
775	0.227097	55	0.345455	170	0.447059	2.674796	775	0.227097	0.271000	0.369454	
766	0.253264	69	0.144928	165	0.430303	2.674796	766	0.253264	0.275000	0.369344	
765	0.271895	65	0.246154	170	0.470588	2.674796	765	0.271895	0.304000	0.369268	
802	0.243142	43	0.441860	155	0.412903	2.674796	802	0.243142	0.278000	0.369162	
771	0.217899	47	0.319149	182	0.456044	2.674796	771	0.217899	0.266000	0.369042	
770	0.266234	47	0.255319	183	0.508197	2.674796	770	0.266234	0.310000	0.368974	
786	0.254453	62	0.241935	152	0.460526	2.674796	786	0.254453	0.285000	0.368877	
776	0.273196	46	0.413043	178	0.494382	2.674796	776	0.273196	0.319000	0.368819	
748	0.251337	68	0.382353	184	0.581522	2.674796	748	0.251337	0.321000	0.368764	
804	0.230100	54	0.296296	142	0.535211	2.674796	804	0.230100	0.277000	0.368659	
751	0.266312	86	0.372093	163	0.533742	2.674796	751	0.266312	0.319000	0.368601	
727	0.270977	76	0.407895	197	0.558376	2.674796	727	0.270977	0.338000	0.368566	
779	0.261874	57	0.421053	164	0.609756	2.674796	779	0.261874	0.328000	0.368520	
794	0.267003	57	0.385965	149	0.557047	2.674796	794	0.267003	0.317000	0.368461	
792	0.262626	51	0.333333	157	0.414013	2.674796	792	0.262626	0.290000	0.368371	
790	0.250633	49	0.346939	161	0.571429	2.674796	790	0.250633	0.307000	0.368300	
713	0.242637	63	0.317460	224	0.544643	2.674796	713	0.242637	0.315000	0.368240	
790	0.251899	53	0.301887	157	0.528662	2.674796	790	0.251899	0.298000	0.368159	
769	0.257477	82	0.402439	149	0.402685	2.674796	769	0.257477	0.291000	0.368071	
783	0.249042	61	0.573770	156	0.467949	2.674796	783	0.249042	0.303000	0.367997	
773	0.285899	60	0.316667	167	0.550898	2.674796	773	0.285899	0.332000	0.367956	
782	0.271100	37	0.324324	181	0.337017	2.674796	782	0.271100	0.285000	0.367862	
803	0.257783	45	0.333333	152	0.519737	2.674796	803	0.257783	0.301000	0.367786	
766	0.263708	60	0.533333	174	0.448276	2.674796	766	0.263708	0.312000	0.367723	
822	0.256691	49	0.469388	129	0.496124	2.674796	822	0.256691	0.298000	0.367644	
778	0.271208	62	0.451613	160	0.512500	2.674796	778	0.271208	0.321000	0.367591	
800	0.248750	46	0.391304	154	0.428571	2.674796	800	0.248750	0.283000	0.367496	
773	0.274256	59	0.372881	168	0.357143	2.674796	773	0.274256	0.294000	0.367413	
781	0.257362	66	0.393939	153	0.457516	2.674796	781	0.257362	0.297000	0.367333	
789	0.282636	59	0.389831	152	0.552632	2.674796	789	0.282636	0.330000	0.367291	
769	0.261378	53	0.377358	178	0.612360	2.674796	769	0.261378	0.330000	0.367249	
755	0.247682	66	0.363636	179	0.558659	2.674796	755	0.247682	0.311000	0.367186	
734	0.254768	74	0.459459	192	0.494792	2.674796	734	0.254768	0.316000	0.367129	
779	0.272144	53	0.377358	168	0.577381	2.674796	779	0.272144	0.329000	0.367086	
782	0.248082	70	0.485714	148	0.439189	2.674796	782	0.248082	0.293000	0.367003	
771	0.276265	58	0.327586	171	0.602339	2.674796	771	0.276265	0.335000	0.366967	
778	0.266067	54	0.277778	168	0.541667	2.674796	778	0.266067	0.313000	0.366907	
772	0.266839	57	0.421053	171	0.485380	2.674796	772	0.266839	0.313000	0.366847	
751	0.241012	62	0.370968	187	0.454545	2.674796	751	0.241012	0.289000	0.366760	
793	0.252207	53	0.433962	154	0.636364	2.674796	793	0.252207	0.321000	0.366709	
769	0.249675	52	0.384615	179	0.296089	2.674796	769	0.249675	0.265000	0.366596	
774	0.242894	77	0.363636	149	0.557047	2.674796	774	0.242894	0.299000	0.366521	
803	0.262765	39	0.333333	158	0.594937	2.674796	803	0.262765	0.318000	0.366467	
808	0.277228	49	0.448980	143	0.538462	2.674796	808	0.277228	0.323000	0.366419	
760	0.278947	76	0.328947	164	0.548780	2.674796	760	0.278947	0.327000	0.366375	
793	0.269861	56	0.428571	151	0.410596	2.674796	793	0.269861	0.300000	0.366302	
749	0.273698	64	0.328125	187	0.491979	2.674796	749	0.273698	0.318000	0.366248	
780	0.253846	79	0.379747	141	0.503546	2.674796	780	0.253846	0.299000	0.366174	
784	0.266582	46	0.413043	170	0.452941	2.674796	784	0.266582	0.305000	0.366107	
764	0.264398	51	0.392157	185	0.529730	2.674796	764	0.264398	0.320000	0.366056	
728	0.248626	78	0.435897	194	0.494845	2.674796	728	0.248626	0.311000	0.365995	
775	0.265806	71	0.352113	154	0.506494	2.674796	775	0.265806	0.309000	0.365933	
799	0.271589	41	0.365854	160	0.512500	2.674796	799	0.271589	0.314000	0.365876	
806	0.253102	29	0.517241	165	0.478788	2.674796	806	0.253102	0.298000	0.365801	
785	0.257325	61	0.311475	154	0.525974	2.674796	785	0.257325	0.302000	0.365731	
784	0.241071	68	0.323529	148	0.513514	2.674796	784	0.241071	0.287000	0.365645	
780	0.248718	43	0.418605	177	0.570621	2.674796	780	0.248718	0.313000	0.365588	
810	0.272840	42	0.404762	148	0.412162	2.674796	810	0.272840	0.299000	0.365515	
775	0.241290	63	0.333333	162	0.358025	2.674796	775	0.241290	0.266000	0.365406	
739	0.274696	67	0.417910	194	0.463918	2.674796	739	0.274696	0.321000	0.365358	
790	0.278481	64	0.343750	146	0.547945	2.674796	790	0.278481	0.322000	0.365311	
778	0.232648	77	0.415584	145	0.448276	2.674796	778	0.232648	0.278000	0.365216	
781	0.272727	57	0.333333	162	0.537037	2.674796	781	0.272727	0.319000	0.365166	
797	0.269762	57	0.578947	146	0.472603	2.674796	797	0.269762	0.317000	0.365113	
771	0.287938	61	0.278689	168	0.535714	2.674796	771	0.287938	0.329000	0.365074	
781	0.285531	56	0.267857	163	0.472393	2.674796	781	0.285531	0.315000	0.365020	
769	0.256177	64	0.375000	167	0.425150	2.674796	769	0.256177	0.292000	0.364941	
768	0.261719	68	0.367647	164	0.506098	2.674796	768	0.261719	0.309000	0.364881	
813	0.281673	36	0.277778	151	0.476821	2.674796	813	0.281673	0.311000	0.364823	
754	0.236074	52	0.346154	194	0.422680	2.674796	754	0.236074	0.278000	0.364729	
763	0.258191	85	0.317647	152	0.578947	2.674796	763	0.258191	0.312000	0.364672	
777	0.256113	74	0.364865	149	0.409396	2.674796	777	0.256113	0.287000	0.364589	
794	0.261965	62	0.387097	144	0.465278	2.674796	794	0.261965	0.299000	0.364518	
766	0.284595	73	0.479452	161	0.515528	2.674796	766	0.284595	0.336000	0.364488	
789	0.257288	47	0.446809	164	0.493902	2.674796	789	0.257288	0.305000	0.364424	
796	0.288945	60	0.466667	144	0.472222	2.674796	796	0.288945	0.326000	0.364383	
776	0.255155	55	0.436364	169	0.455621	2.674796	776	0.255155	0.299000	0.364313	
814	0.276413	55	0.472727	131	0.603053	2.674796	814	0.276413	0.330000	0.364276	
769	0.270481	31	0.322581	200	0.560000	2.674796	769	0.270481	0.330000	0.364240	
819	0.285714	22	0.318182	159	0.452830	2.674796	819	0.285714	0.313000	0.364185	
763	0.256881	69	0.405797	168	0.464286	2.674796	763	0.256881	0.302000	0.364119	
771	0.255512	81	0.333333	148	0.472973	2.674796	771	0.255512	0.294000	0.364044	
790	0.277215	49	0.408163	161	0.422360	2.674796	790	0.277215	0.307000	0.363984	
754	0.267905	75	0.306667	171	0.514620	2.674796	754	0.267905	0.313000	0.363930	
780	0.292308	52	0.442308	168	0.553571	2.674796	780	0.292308	0.344000	0.363908	
786	0.248092	61	0.344262	153	0.411765	2.674796	786	0.248092	0.279000	0.363818	
797	0.259724	54	0.388889	149	0.409396	2.674796	797	0.259724	0.289000	0.363739	
798	0.280702	51	0.470588	151	0.370861	2.674796	798	0.280702	0.304000	0.363676	
796	0.242462	40	0.350000	164	0.439024	2.674796	796	0.242462	0.279000	0.363587	
798	0.291980	58	0.310345	144	0.395833	2.674796	798	0.291980	0.308000	0.363528	
766	0.258486	67	0.313433	167	0.371257	2.674796	766	0.258486	0.281000	0.363441	
777	0.290862	50	0.400000	173	0.531792	2.674796	777	0.290862	0.338000	0.363414	
770	0.284416	66	0.303030	164	0.445122	2.674796	770	0.284416	0.312000	0.363360	
762	0.265092	66	0.393939	172	0.441860	2.674796	762	0.265092	0.304000	0.363298	
782	0.272379	62	0.306452	156	0.435897	2.674796	782	0.272379	0.300000	0.363232	
793	0.267339	49	0.448980	158	0.537975	2.674796	793	0.267339	0.319000	0.363185	
807	0.277571	68	0.455882	125	0.504000	2.674796	807	0.277571	0.318000	0.363138	
778	0.257069	53	0.283019	169	0.585799	2.674796	778	0.257069	0.314000	0.363086	
782	0.273657	51	0.352941	167	0.419162	2.674796	782	0.273657	0.302000	0.363023	
771	0.239948	86	0.406977	143	0.545455	2.674796	771	0.239948	0.298000	0.362955	
770	0.257143	55	0.272727	175	0.560000	2.674796	770	0.257143	0.311000	0.362901	
789	0.257288	37	0.378378	174	0.528736	2.674796	789	0.257288	0.309000	0.362844	
808	0.248762	49	0.326531	143	0.538462	2.674796	808	0.248762	0.294000	0.362773	
738	0.287263	57	0.333333	205	0.526829	2.674796	738	0.287263	0.339000	0.362748	
760	0.264474	65	0.338462	175	0.537143	2.674796	760	0.264474	0.317000	0.362701	
798	0.240602	71	0.394366	131	0.587786	2.674796	798	0.240602	0.297000	0.362632	
783	0.243934	49	0.306122	168	0.494048	2.674796	783	0.243934	0.289000	0.362556	
778	0.277635	52	0.423077	170	0.458824	2.674796	778	0.277635	0.316000	0.362508	
780	0.273077	64	0.328125	156	0.724359	2.674796	780	0.273077	0.347000	0.362492	
760	0.269737	77	0.389610	163	0.533742	2.674796	760	0.269737	0.322000	0.362450	
771	0.286641	54	0.407407	175	0.474286	2.674796	771	0.286641	0.326000	0.362412	
768	0.290365	82	0.329268	150	0.540000	2.674796	768	0.290365	0.331000	0.362380	
797	0.265997	47	0.382979	156	0.448718	2.674796	797	0.265997	0.300000	0.362316	
779	0.249037	49	0.408163	172	0.511628	2.674796	779	0.249037	0.302000	0.362254	
768	0.281250	90	0.311111	142	0.591549	2.674796	768	0.281250	0.328000	0.362219	
774	0.302326	60	0.316667	166	0.530120	2.674796	774	0.302326	0.341000	0.362197	
804	0.263682	43	0.279070	153	0.490196	2.674796	804	0.263682	0.299000	0.362132	
781	0.253521	46	0.391304	173	0.554913	2.674796	781	0.253521	0.312000	0.362081	
790	0.251899	54	0.574074	156	0.583333	2.674796	790	0.251899	0.321000	0.362039	
790	0.291139	42	0.238095	168	0.589286	2.674796	790	0.291139	0.339000	0.362015	
764	0.259162	74	0.378378	162	0.567901	2.674796	764	0.259162	0.318000	0.361970	
786	0.231552	50	0.380000	164	0.597561	2.674796	786	0.231552	0.299000	0.361906	
810	0.264198	43	0.534884	147	0.530612	2.674796	810	0.264198	0.315000	0.361858	
776	0.265464	69	0.521739	155	0.535484	2.674796	776	0.265464	0.325000	0.361820	
784	0.258929	60	0.433333	156	0.461538	2.674796	784	0.258929	0.301000	0.361759	
783	0.250319	63	0.412698	154	0.467532	2.674796	783	0.250319	0.294000	0.361690	
780	0.228205	51	0.450980	169	0.514793	2.674796	780	0.228205	0.288000	0.361615	
785	0.256051	40	0.500000	175	0.508571	2.674796	785	0.256051	0.310000	0.361563	
756	0.272487	76	0.460526	168	0.404762	2.674796	756	0.272487	0.309000	0.361509	
782	0.274936	68	0.441176	150	0.453333	2.674796	782	0.274936	0.313000	0.361460	
773	0.263907	50	0.400000	177	0.451977	2.674796	773	0.263907	0.304000	0.361402	
791	0.252845	52	0.365385	157	0.484076	2.674796	791	0.252845	0.295000	0.361335	
792	0.267677	51	0.549020	157	0.535032	2.674796	792	0.267677	0.324000	0.361297	
789	0.268695	49	0.448980	162	0.425926	2.674796	789	0.268695	0.303000	0.361239	
743	0.240915	82	0.317073	175	0.497143	2.674796	743	0.240915	0.292000	0.361169	
780	0.243590	73	0.328767	147	0.605442	2.674796	780	0.243590	0.303000	0.361110	
779	0.243902	62	0.354839	159	0.440252	2.674796	779	0.243902	0.282000	0.361031	
788	0.276650	57	0.333333	155	0.393548	2.674796	788	0.276650	0.298000	0.360968	
758	0.271768	79	0.303797	163	0.472393	2.674796	758	0.271768	0.307000	0.360913	
757	0.243065	75	0.360000	168	0.470238	2.674796	757	0.243065	0.290000	0.360842	
729	0.274348	79	0.215190	192	0.406250	2.674796	729	0.274348	0.295000	0.360776	
790	0.264557	56	0.428571	154	0.435065	2.674796	790	0.264557	0.300000	0.360716	
802	0.280549	51	0.352941	147	0.462585	2.674796	802	0.280549	0.311000	0.360666	
775	0.316129	65	0.430769	160	0.443750	2.674796	775	0.316129	0.344000	0.360649	
775	0.252903	58	0.396552	167	0.568862	2.674796	775	0.252903	0.314000	0.360603	
805	0.294410	47	0.234043	148	0.418919	2.674796	805	0.294410	0.310000	0.360552	
775	0.238710	60	0.283333	165	0.478788	2.674796	775	0.238710	0.281000	0.360473	
734	0.275204	96	0.281250	170	0.470588	2.674796	734	0.275204	0.309000	0.360422	
781	0.271447	78	0.346154	141	0.468085	2.674796	781	0.271447	0.305000	0.360367	
786	0.265903	70	0.428571	144	0.638889	2.674796	786	0.265903	0.331000	0.360338	
771	0.302205	74	0.297297	155	0.445161	2.674796	771	0.302205	0.324000	0.360302	
781	0.293214	71	0.535211	148	0.418919	2.674796	781	0.293214	0.329000	0.360271	
