Rate	71.43
Rev Jump	14.29
Tree Move	14.29
Rate Tried	% Accepted	Rev Jump Tried	% Accepted	Tree Move Tried	% Accepted	Rates - Dev	Rates - Tried	Rates - Accepted	Sample Ave Acceptance	Total Ave Acceptance	
730	0.336986	101	0.188119	169	0.514793	1.932577	730	0.336986	0.352000	0.350786	
741	0.299595	104	0.221154	155	0.561290	1.932577	741	0.299595	0.332000	0.349221	
732	0.319672	118	0.211864	150	0.660000	1.932577	732	0.319672	0.358000	0.349896	
731	0.348837	107	0.186916	162	0.648148	1.932577	731	0.348837	0.380000	0.352046	
725	0.411034	128	0.109375	147	0.986395	1.932577	725	0.411034	0.457000	0.359043	
719	0.358832	86	0.220930	195	0.989744	2.500555	719	0.358832	0.470000	0.365977	
734	0.302452	75	0.253333	191	1.000000	2.500555	734	0.302452	0.432000	0.369861	
725	0.324138	101	0.168317	174	1.000000	2.500555	725	0.324138	0.426000	0.372979	
720	0.308333	104	0.134615	176	1.000000	2.500555	720	0.308333	0.412000	0.375033	
714	0.256303	105	0.304762	181	1.000000	2.500555	714	0.256303	0.396000	0.376081	
706	0.269122	90	0.266667	204	1.000000	2.500555	706	0.269122	0.418000	0.378077	
725	0.274483	71	0.112676	204	1.000000	2.500555	725	0.274483	0.411000	0.379574	
641	0.336973	91	0.186813	268	1.000000	2.500555	641	0.336973	0.501000	0.384853	
764	0.695026	72	0.319444	164	0.975610	2.500555	764	0.695026	0.714000	0.398567	
691	0.565847	62	0.290323	247	0.995951	4.267437	691	0.565847	0.655000	0.408824	
714	0.529412	101	0.128713	185	0.935135	5.000000	714	0.529412	0.564000	0.414792	
743	0.481830	87	0.264368	170	0.876471	5.000000	743	0.481830	0.530000	0.419059	
750	0.370667	80	0.287500	170	0.664706	5.000000	750	0.370667	0.414000	0.418878	
778	0.589974	76	0.250000	146	0.938356	5.000000	778	0.589974	0.615000	0.425640	
717	0.255230	91	0.087912	192	0.994792	5.000000	717	0.255230	0.382000	0.424186	
736	0.425272	66	0.333333	198	0.959596	5.000000	736	0.425272	0.525000	0.427438	
721	0.514563	87	0.241379	192	0.989583	5.000000	721	0.514563	0.582000	0.432268	
736	0.519022	89	0.303371	175	0.971429	5.000000	736	0.519022	0.579000	0.436714	
742	0.570081	97	0.268041	161	1.000000	5.000000	742	0.570081	0.610000	0.441811	
755	0.617219	88	0.261364	157	0.987261	5.000000	755	0.617219	0.644000	0.447587	
751	0.625832	84	0.309524	165	0.993939	5.000000	751	0.625832	0.660000	0.453487	
655	0.392366	129	0.255814	216	1.000000	5.000000	655	0.392366	0.506000	0.454907	
747	0.550201	80	0.425000	173	0.976879	5.000000	747	0.550201	0.614000	0.459093	
778	0.604113	59	0.288136	163	0.932515	5.000000	778	0.604113	0.639000	0.463706	
784	0.630102	50	0.220000	166	0.939759	5.000000	784	0.630102	0.661000	0.468638	
710	0.340845	115	0.252174	175	0.982857	5.000000	710	0.340845	0.443000	0.468013	
708	0.155367	106	0.216981	186	0.989247	5.000000	708	0.155367	0.317000	0.464418	
714	0.278711	81	0.197531	205	0.995122	2.742413	714	0.278711	0.419000	0.463361	
714	0.285714	137	0.153285	149	1.000000	2.742413	714	0.285714	0.374000	0.461330	
741	0.375169	99	0.272727	160	0.981250	2.742413	741	0.375169	0.462000	0.461345	
725	0.551724	88	0.318182	187	1.000000	2.742413	725	0.551724	0.615000	0.464686	
697	0.205165	107	0.214953	196	0.658163	5.000000	697	0.205165	0.295000	0.461075	
767	0.148631	72	0.347222	161	0.459627	5.000000	767	0.148631	0.213000	0.455907	
799	0.237797	45	0.288889	156	0.519231	3.826819	799	0.237797	0.284000	0.452399	
736	0.202446	101	0.356436	163	0.472393	3.826819	736	0.202446	0.262000	0.448591	
800	0.195000	66	0.181818	134	0.477612	3.826819	800	0.195000	0.232000	0.444344	
803	0.296389	57	0.403509	140	0.542857	2.375808	803	0.296389	0.337000	0.442280	
777	0.525097	80	0.262500	143	0.790210	2.375808	777	0.525097	0.542000	0.444161	
734	0.711172	70	0.271429	196	0.928571	2.571376	734	0.711172	0.723000	0.449325	
779	0.682927	50	0.200000	171	0.947368	4.338655	779	0.682927	0.704000	0.453955	
734	0.559946	73	0.260274	193	1.000000	4.895459	734	0.559946	0.623000	0.456974	
710	0.239437	66	0.106061	224	0.955357	5.000000	710	0.239437	0.391000	0.455817	
760	0.135526	71	0.295775	169	0.556213	5.000000	760	0.135526	0.218000	0.451716	
602	0.581395	114	0.219298	284	0.943662	3.679212	602	0.581395	0.643000	0.454958	
787	0.315121	70	0.342857	143	0.664336	3.746741	787	0.315121	0.367000	0.453492	
758	0.175462	81	0.283951	161	0.440994	3.746741	758	0.175462	0.227000	0.449780	
786	0.270992	59	0.288136	155	0.561290	2.953420	786	0.270992	0.317000	0.447638	
763	0.280472	78	0.294872	159	0.484277	2.953420	763	0.280472	0.314000	0.445517	
780	0.273077	77	0.324675	143	0.475524	2.953420	780	0.273077	0.306000	0.443337	
794	0.260705	56	0.267857	150	0.513333	2.953420	794	0.260705	0.299000	0.441116	
756	0.304233	90	0.266667	154	0.564935	2.953420	756	0.304233	0.341000	0.439599	
776	0.248711	67	0.328358	157	0.401274	2.953420	776	0.248711	0.278000	0.437188	
761	0.298292	111	0.207207	128	0.664062	2.953420	761	0.298292	0.335000	0.435685	
732	0.658470	67	0.179104	201	0.990050	2.953420	732	0.658470	0.693000	0.439414	
768	0.690104	74	0.310811	158	0.987342	4.160357	768	0.690104	0.709000	0.443265	
767	0.624511	80	0.375000	153	0.986928	5.000000	767	0.624511	0.660000	0.446318	
752	0.658245	90	0.288889	158	0.981013	5.000000	752	0.658245	0.676000	0.449508	
769	0.638492	67	0.373134	164	1.000000	5.000000	769	0.638492	0.680000	0.452665	
757	0.623514	65	0.384615	178	0.977528	5.000000	757	0.623514	0.671000	0.455615	
742	0.692722	82	0.353659	176	0.982955	5.000000	742	0.692722	0.716000	0.459087	
753	0.673307	57	0.245614	190	0.989474	5.000000	753	0.673307	0.709000	0.462375	
788	0.626904	57	0.298246	155	0.993548	5.000000	788	0.626904	0.665000	0.465007	
808	0.639851	48	0.354167	144	0.972222	5.000000	808	0.639851	0.674000	0.467686	
776	0.570876	83	0.361446	141	0.978723	5.000000	776	0.570876	0.611000	0.469500	
661	0.623298	58	0.189655	281	0.982206	5.000000	661	0.623298	0.699000	0.472369	
754	0.629973	69	0.318841	177	0.971751	5.000000	754	0.629973	0.669000	0.474797	
674	0.259644	98	0.224490	228	1.000000	5.000000	674	0.259644	0.425000	0.474189	
673	0.145617	105	0.161905	222	1.000000	5.000000	673	0.145617	0.337000	0.472536	
699	0.178827	126	0.182540	175	0.994286	3.621003	699	0.178827	0.322000	0.470744	
685	0.195620	126	0.158730	189	1.000000	3.443783	685	0.195620	0.343000	0.469242	
621	0.259259	142	0.190141	237	1.000000	3.109822	621	0.259259	0.425000	0.468727	
732	0.161202	103	0.077670	165	1.000000	3.109822	732	0.161202	0.291000	0.466684	
658	0.209726	131	0.167939	211	1.000000	3.014990	658	0.209726	0.371000	0.465597	
695	0.198561	131	0.045802	174	1.000000	3.014990	695	0.198561	0.318000	0.463939	
725	0.332414	118	0.118644	157	1.000000	2.027776	725	0.332414	0.412000	0.463362	
724	0.272099	75	0.293333	201	1.000000	2.027776	724	0.272099	0.420000	0.462885	
690	0.282609	81	0.246914	229	1.000000	2.027776	690	0.282609	0.444000	0.462680	
727	0.378267	98	0.122449	175	1.000000	2.027776	727	0.378267	0.462000	0.462672	
730	0.345205	92	0.239130	178	0.820225	2.027776	730	0.345205	0.420000	0.462218	
749	0.372497	65	0.215385	186	0.489247	2.027776	749	0.372497	0.384000	0.461395	
790	0.341772	61	0.311475	149	0.355705	2.027776	790	0.341772	0.342000	0.460151	
754	0.352785	78	0.410256	168	0.505952	2.027776	754	0.352785	0.383000	0.459356	
795	0.358491	46	0.391304	159	0.471698	2.027776	795	0.358491	0.378000	0.458526	
760	0.369737	71	0.366197	169	0.544379	2.027776	760	0.369737	0.399000	0.457925	
758	0.362797	52	0.346154	190	0.484211	2.027776	758	0.362797	0.385000	0.457195	
762	0.368766	53	0.320755	185	0.540541	2.027776	762	0.368766	0.398000	0.456609	
805	0.334161	40	0.350000	155	0.341935	2.027776	805	0.334161	0.336000	0.455427	
762	0.303150	68	0.294118	170	0.482353	2.027776	762	0.303150	0.333000	0.454238	
773	0.305304	78	0.333333	149	0.375839	2.027776	773	0.305304	0.318000	0.452928	
762	0.308399	66	0.318182	172	0.395349	2.027776	762	0.308399	0.324000	0.451700	
785	0.354140	57	0.368421	158	0.493671	2.027776	785	0.354140	0.377000	0.450996	
753	0.332005	59	0.389831	188	0.521277	2.027776	753	0.332005	0.371000	0.450248	
794	0.369018	52	0.423077	154	0.389610	2.027776	794	0.369018	0.375000	0.449551	
775	0.331613	75	0.373333	150	0.553333	2.027776	775	0.331613	0.368000	0.448803	
791	0.357775	44	0.295455	165	0.563636	2.027776	791	0.357775	0.389000	0.448260	
773	0.351876	47	0.468085	180	0.466667	2.027776	773	0.351876	0.378000	0.447627	
744	0.310484	76	0.381579	180	0.566667	2.027776	744	0.310484	0.362000	0.446862	
765	0.324183	66	0.454545	169	0.420118	2.027776	765	0.324183	0.349000	0.445996	
767	0.331160	50	0.380000	183	0.546448	2.027776	767	0.331160	0.373000	0.445356	
780	0.326923	71	0.366197	149	0.469799	2.027776	780	0.326923	0.351000	0.444535	
761	0.360053	80	0.325000	159	0.440252	2.027776	761	0.360053	0.370000	0.443893	
748	0.298128	82	0.329268	170	0.552941	2.027776	748	0.298128	0.344000	0.443039	
766	0.340731	60	0.400000	174	0.488506	2.027776	766	0.340731	0.370000	0.442420	
770	0.331169	64	0.312500	166	0.475904	2.027776	770	0.331169	0.354000	0.441677	
776	0.422680	58	0.310345	166	0.451807	2.027776	776	0.422680	0.421000	0.441505	
764	0.250000	85	0.223529	151	0.456954	4.049983	764	0.250000	0.279000	0.440162	
788	0.215736	78	0.333333	134	0.402985	4.049983	788	0.215736	0.250000	0.438603	
747	0.179384	100	0.290000	153	0.490196	4.049983	747	0.179384	0.238000	0.436972	
785	0.184713	87	0.321839	128	0.445312	3.779561	785	0.184713	0.230000	0.435303	
780	0.246154	73	0.315068	147	0.510204	3.367219	780	0.246154	0.290000	0.434141	
797	0.195734	47	0.148936	156	0.487179	3.367219	797	0.195734	0.239000	0.432592	
798	0.355890	44	0.181818	158	0.493671	2.046087	798	0.355890	0.370000	0.432099	
783	0.378033	24	0.208333	193	0.414508	2.046087	783	0.378033	0.381000	0.431700	
793	0.408575	35	0.285714	172	0.511628	2.046087	793	0.408575	0.422000	0.431625	
789	0.399240	55	0.290909	156	0.724359	2.864545	789	0.399240	0.444000	0.431720	
742	0.727763	90	0.277778	168	0.988095	2.864545	742	0.727763	0.731000	0.434004	
716	0.558659	64	0.328125	220	0.995455	4.507906	716	0.558659	0.640000	0.435565	
651	0.591398	99	0.202020	250	0.992000	5.000000	651	0.591398	0.653000	0.437200	
737	0.599729	99	0.313131	164	0.920732	5.000000	737	0.599729	0.624000	0.438594	
790	0.584810	47	0.319149	163	0.969325	5.000000	790	0.584810	0.635000	0.440049	
779	0.413350	48	0.208333	173	0.768786	5.000000	779	0.413350	0.465000	0.440232	
758	0.625330	82	0.256098	160	0.962500	5.000000	758	0.625330	0.649000	0.441756	
779	0.625160	77	0.350649	144	0.979167	5.000000	779	0.625160	0.655000	0.443301	
762	0.635171	71	0.295775	167	0.982036	5.000000	762	0.635171	0.669000	0.444925	
790	0.411392	46	0.369565	164	0.664634	5.000000	790	0.411392	0.451000	0.444968	
806	0.135236	56	0.339286	138	0.557971	5.000000	806	0.135236	0.205000	0.443266	
799	0.156446	51	0.235294	150	0.520000	4.691267	799	0.156446	0.215000	0.441659	
780	0.442308	49	0.346939	171	0.637427	2.670645	780	0.442308	0.471000	0.441864	
766	0.608355	70	0.242857	164	0.853659	4.514554	766	0.608355	0.623000	0.443122	
759	0.413702	94	0.276596	147	0.877551	5.000000	759	0.413702	0.469000	0.443300	
790	0.630380	79	0.430380	131	0.984733	5.000000	790	0.630380	0.661000	0.444791	
758	0.612137	68	0.367647	174	0.896552	5.000000	758	0.612137	0.645000	0.446153	
778	0.510283	74	0.283784	148	0.804054	5.000000	778	0.510283	0.537000	0.446767	
766	0.312010	74	0.297297	160	0.681250	5.000000	766	0.312010	0.370000	0.446252	
774	0.157623	68	0.323529	158	0.468354	5.000000	774	0.157623	0.218000	0.444730	
782	0.242967	73	0.205479	145	0.413793	3.009861	782	0.242967	0.265000	0.443540	
781	0.262484	71	0.211268	148	0.560811	3.009861	781	0.262484	0.303000	0.442616	
784	0.274235	70	0.300000	146	0.589041	3.009861	784	0.274235	0.322000	0.441827	
771	0.363165	71	0.323944	158	0.588608	3.009861	771	0.363165	0.396000	0.441530	
775	0.450323	78	0.358974	147	0.666667	3.009861	775	0.450323	0.475000	0.441746	
793	0.156368	75	0.346667	132	0.462121	4.918861	793	0.156368	0.211000	0.440266	
766	0.253264	74	0.337838	160	0.418750	3.180899	766	0.253264	0.286000	0.439284	
711	0.213783	134	0.276119	155	0.458065	3.180899	711	0.213783	0.260000	0.438149	
743	0.242261	91	0.241758	166	0.554217	3.180899	743	0.242261	0.294000	0.437243	
764	0.417539	88	0.352273	148	0.695946	3.180899	764	0.417539	0.453000	0.437341	
763	0.190039	76	0.289474	161	0.409938	5.000000	763	0.190039	0.233000	0.436072	
784	0.173469	73	0.383562	143	0.524476	3.767198	784	0.173469	0.239000	0.434855	
777	0.333333	62	0.354839	161	0.534161	2.428851	777	0.333333	0.367000	0.434439	
780	0.374359	63	0.396825	157	0.598726	2.428851	780	0.374359	0.411000	0.434296	
756	0.777778	69	0.333333	175	0.948571	2.428851	756	0.777778	0.777000	0.436373	
770	0.558442	54	0.407407	176	0.772727	2.510539	770	0.558442	0.588000	0.437287	
789	0.177440	73	0.219178	138	0.442029	4.101372	789	0.177440	0.217000	0.435967	
776	0.216495	72	0.347222	152	0.467105	4.015982	776	0.216495	0.264000	0.434944	
783	0.151980	63	0.333333	154	0.584416	4.015982	783	0.151980	0.230000	0.433731	
788	0.256345	85	0.305882	127	0.480315	2.534245	788	0.256345	0.289000	0.432880	
776	0.237113	65	0.230769	159	0.345912	2.534245	776	0.237113	0.254000	0.431834	
791	0.264223	63	0.301587	146	0.500000	2.534245	791	0.264223	0.301000	0.431073	
773	0.298836	60	0.416667	167	0.461078	2.534245	773	0.298836	0.333000	0.430506	
730	0.287671	94	0.446809	176	0.329545	2.534245	730	0.287671	0.310000	0.429814	
770	0.306494	56	0.339286	174	0.494253	2.534245	770	0.306494	0.341000	0.429306	
741	0.259109	79	0.417722	180	0.427778	2.534245	741	0.259109	0.302000	0.428583	
726	0.275482	70	0.500000	204	0.446078	2.534245	726	0.275482	0.326000	0.428003	
753	0.270916	66	0.318182	181	0.552486	2.534245	753	0.270916	0.325000	0.427425	
766	0.296345	80	0.362500	154	0.545455	2.534245	766	0.296345	0.340000	0.426936	
770	0.257143	61	0.491803	169	0.502959	2.534245	770	0.257143	0.313000	0.426303	
738	0.272358	60	0.433333	202	0.410891	2.534245	738	0.272358	0.310000	0.425661	
722	0.239612	90	0.277778	188	0.430851	2.534245	722	0.239612	0.279000	0.424855	
805	0.299379	34	0.470588	161	0.447205	2.534245	805	0.299379	0.329000	0.424331	
802	0.263092	44	0.431818	154	0.370130	2.534245	802	0.263092	0.287000	0.423585	
772	0.292746	69	0.347826	159	0.421384	2.534245	772	0.292746	0.317000	0.423009	
783	0.261814	62	0.370968	155	0.329032	2.534245	783	0.261814	0.279000	0.422234	
755	0.267550	88	0.329545	157	0.484076	2.534245	755	0.267550	0.307000	0.421618	
797	0.249686	62	0.338710	141	0.446809	2.534245	797	0.249686	0.283000	0.420881	
772	0.233161	53	0.339623	175	0.411429	2.534245	772	0.233161	0.270000	0.420082	
794	0.255668	35	0.371429	171	0.391813	2.534245	794	0.255668	0.283000	0.419361	
788	0.285533	59	0.423729	153	0.490196	2.534245	788	0.285533	0.325000	0.418867	
746	0.323056	85	0.329412	169	0.408284	2.534245	746	0.323056	0.338000	0.418446	
767	0.298566	65	0.292308	168	0.369048	2.534245	767	0.298566	0.310000	0.417884	
773	0.358344	63	0.285714	164	0.457317	2.534245	773	0.358344	0.370000	0.417637	
751	0.729694	70	0.257143	179	0.955307	2.534245	751	0.729694	0.737000	0.419275	
786	0.295165	68	0.323529	146	0.595890	4.024698	786	0.295165	0.341000	0.418875	
772	0.193005	55	0.309091	173	0.456647	4.024698	772	0.193005	0.245000	0.417993	
720	0.220833	69	0.347826	211	0.511848	3.433631	720	0.220833	0.291000	0.417351	
778	0.212082	62	0.354839	160	0.287500	3.433631	778	0.212082	0.233000	0.416425	
761	0.187911	69	0.391304	170	0.400000	3.433631	761	0.187911	0.238000	0.415533	
729	0.227709	94	0.361702	177	0.344633	2.872085	729	0.227709	0.261000	0.414764	
773	0.240621	59	0.338983	168	0.517857	2.872085	773	0.240621	0.293000	0.414161	
754	0.234748	68	0.367647	178	0.365169	2.872085	754	0.234748	0.267000	0.413436	
792	0.227273	63	0.412698	145	0.496552	2.872085	792	0.227273	0.278000	0.412772	
772	0.250000	73	0.342466	155	0.451613	2.872085	772	0.250000	0.288000	0.412164	
780	0.234615	62	0.338710	158	0.360759	2.872085	780	0.234615	0.261000	0.411430	
758	0.259894	64	0.312500	178	0.460674	2.872085	758	0.259894	0.299000	0.410887	
767	0.259452	65	0.400000	168	0.440476	2.872085	767	0.259452	0.299000	0.410349	
779	0.256739	50	0.480000	171	0.368421	2.872085	779	0.256739	0.287000	0.409759	
767	0.254237	55	0.381818	178	0.438202	2.872085	767	0.254237	0.294000	0.409208	
775	0.282581	83	0.361446	142	0.528169	2.872085	775	0.282581	0.324000	0.408804	
775	0.295484	58	0.258621	167	0.377246	2.872085	775	0.295484	0.307000	0.408324	
761	0.286465	77	0.259740	162	0.401235	2.872085	761	0.286465	0.303000	0.407829	
751	0.656458	91	0.274725	158	0.924051	2.872085	751	0.656458	0.664000	0.409026	
738	0.692412	91	0.307692	171	0.912281	3.364635	738	0.692412	0.695000	0.410356	
758	0.678100	87	0.287356	155	0.993548	3.589015	758	0.678100	0.693000	0.411665	
733	0.356071	76	0.236842	191	0.994764	5.000000	733	0.356071	0.469000	0.411929	
693	0.160173	81	0.296296	226	0.995575	5.000000	693	0.160173	0.360000	0.411691	
676	0.255917	132	0.181818	192	1.000000	3.643685	676	0.255917	0.389000	0.411587	
718	0.222841	59	0.254237	223	1.000000	3.643685	718	0.222841	0.398000	0.411525	
696	0.191092	73	0.273973	231	1.000000	3.643685	696	0.191092	0.384000	0.411401	
723	0.344398	78	0.243590	199	1.000000	2.116721	723	0.344398	0.467000	0.411651	
731	0.339261	82	0.170732	187	1.000000	2.116721	731	0.339261	0.449000	0.411819	
768	0.359375	43	0.325581	189	0.984127	2.116721	768	0.359375	0.476000	0.412105	
656	0.307927	102	0.156863	242	0.983471	2.116721	656	0.307927	0.456000	0.412300	
761	0.293035	59	0.237288	180	0.994444	2.116721	761	0.293035	0.416000	0.412317	
719	0.314325	84	0.178571	197	1.000000	2.116721	719	0.314325	0.438000	0.412430	
684	0.220760	113	0.168142	203	1.000000	2.116721	684	0.220760	0.373000	0.412257	
754	0.332891	101	0.207921	145	1.000000	2.116721	754	0.332891	0.417000	0.412278	
699	0.333333	79	0.265823	222	1.000000	2.116721	699	0.333333	0.476000	0.412555	
712	0.404494	87	0.172414	201	0.985075	2.116721	712	0.404494	0.501000	0.412938	
743	0.266487	78	0.153846	179	0.994413	2.495745	743	0.266487	0.388000	0.412830	
755	0.311258	89	0.213483	156	1.000000	2.495745	755	0.311258	0.410000	0.412818	
765	0.245752	98	0.214286	137	0.992701	2.495745	765	0.245752	0.345000	0.412528	
683	0.288433	118	0.220339	199	1.000000	2.495745	683	0.288433	0.422000	0.412568	
730	0.289041	60	0.316667	210	1.000000	2.495745	730	0.289041	0.440000	0.412685	
706	0.266289	104	0.240385	190	1.000000	2.495745	706	0.266289	0.403000	0.412644	
747	0.258367	106	0.207547	147	1.000000	2.495745	747	0.258367	0.362000	0.412431	
741	0.304993	92	0.239130	167	1.000000	2.495745	741	0.304993	0.415000	0.412442	
750	0.236000	78	0.179487	172	1.000000	2.495745	750	0.236000	0.363000	0.412236	
753	0.272244	79	0.278481	168	1.000000	2.495745	753	0.272244	0.395000	0.412164	
717	0.260809	124	0.233871	159	1.000000	2.495745	717	0.260809	0.375000	0.412011	
718	0.282730	112	0.223214	170	1.000000	2.495745	718	0.282730	0.398000	0.411953	
707	0.315417	102	0.294118	191	1.000000	2.495745	707	0.315417	0.444000	0.412084	
711	0.254571	115	0.139130	174	1.000000	2.495745	711	0.254571	0.371000	0.411917	
738	0.261518	82	0.219512	180	1.000000	2.495745	738	0.261518	0.391000	0.411832	
721	0.260749	88	0.215909	191	1.000000	2.495745	721	0.260749	0.398000	0.411776	
710	0.264789	72	0.152778	218	0.995413	2.495745	710	0.264789	0.416000	0.411793	
722	0.264543	93	0.236559	185	1.000000	2.495745	722	0.264543	0.398000	0.411737	
717	0.276151	96	0.208333	187	1.000000	2.495745	717	0.276151	0.405000	0.411710	
702	0.319088	94	0.180851	204	1.000000	2.495745	702	0.319088	0.445000	0.411843	
696	0.229885	109	0.119266	195	1.000000	2.495745	696	0.229885	0.368000	0.411669	
668	0.300898	139	0.187050	193	1.000000	2.495745	668	0.300898	0.420000	0.411702	
680	0.280882	112	0.258929	208	0.995192	2.495745	680	0.280882	0.427000	0.411762	
697	0.284075	104	0.182692	199	1.000000	2.495745	697	0.284075	0.416000	0.411779	
709	0.248237	114	0.201754	177	1.000000	2.495745	709	0.248237	0.376000	0.411639	
692	0.287572	121	0.165289	187	1.000000	2.495745	692	0.287572	0.406000	0.411617	
745	0.296644	96	0.187500	159	1.000000	2.495745	745	0.296644	0.398000	0.411564	
744	0.270161	82	0.243902	174	1.000000	2.495745	744	0.270161	0.395000	0.411500	
712	0.300562	109	0.220183	179	1.000000	2.495745	712	0.300562	0.417000	0.411521	
715	0.229371	115	0.052174	170	1.000000	2.495745	715	0.229371	0.340000	0.411247	
704	0.220170	131	0.114504	165	1.000000	2.495745	704	0.220170	0.335000	0.410956	
751	0.268975	93	0.107527	156	1.000000	2.495745	751	0.268975	0.368000	0.410793	
746	0.306971	116	0.112069	138	1.000000	2.495745	746	0.306971	0.380000	0.410676	
746	0.272118	90	0.177778	164	0.993902	2.495745	746	0.272118	0.382000	0.410568	
705	0.268085	108	0.111111	187	0.994652	2.495745	705	0.268085	0.387000	0.410480	
707	0.240453	118	0.144068	175	1.000000	2.495745	707	0.240453	0.362000	0.410298	
689	0.239478	142	0.183099	169	1.000000	2.495745	689	0.239478	0.360000	0.410110	
691	0.225760	127	0.228346	182	1.000000	2.495745	691	0.225760	0.367000	0.409950	
730	0.279452	113	0.230088	157	1.000000	2.495745	730	0.279452	0.387000	0.409865	
744	0.288978	80	0.212500	176	1.000000	2.495745	744	0.288978	0.408000	0.409858	
693	0.295815	100	0.270000	207	1.000000	2.495745	693	0.295815	0.439000	0.409965	
724	0.301105	103	0.116505	173	1.000000	2.495745	724	0.301105	0.403000	0.409940	
769	0.282185	70	0.300000	161	1.000000	2.495745	769	0.282185	0.399000	0.409900	
744	0.748656	74	0.378378	182	1.000000	2.495745	744	0.748656	0.767000	0.411199	
765	0.657516	55	0.381818	180	0.944444	4.447695	765	0.657516	0.694000	0.412223	
754	0.549072	73	0.328767	173	0.890173	5.000000	754	0.549072	0.592000	0.412872	
742	0.628032	72	0.236111	186	0.956989	5.000000	742	0.628032	0.661000	0.413765	
790	0.340506	57	0.280702	153	0.653595	5.000000	790	0.340506	0.385000	0.413662	
765	0.181699	68	0.323529	167	0.449102	5.000000	765	0.181699	0.236000	0.413027	
790	0.187342	34	0.352941	176	0.488636	4.706546	790	0.187342	0.246000	0.412433	
755	0.180132	74	0.364865	171	0.456140	4.569917	755	0.180132	0.241000	0.411825	
747	0.187416	94	0.351064	159	0.440252	3.914438	747	0.187416	0.243000	0.411228	
800	0.236250	56	0.285714	144	0.493056	3.297743	800	0.236250	0.276000	0.410752	
689	0.206096	104	0.259615	207	0.956522	3.297743	689	0.206096	0.367000	0.410599	
679	0.235641	77	0.272727	244	0.987705	3.297743	679	0.235641	0.422000	0.410638	
750	0.686667	72	0.194444	178	0.893258	3.297743	750	0.686667	0.688000	0.411605	
777	0.642214	59	0.237288	164	0.871951	3.638765	777	0.642214	0.656000	0.412453	
754	0.324934	86	0.255814	160	0.662500	4.436677	754	0.324934	0.373000	0.412317	
779	0.166881	92	0.358696	129	0.488372	4.436677	779	0.166881	0.226000	0.411674	
758	0.191293	93	0.333333	149	0.362416	4.236619	758	0.191293	0.230000	0.411050	
784	0.316327	85	0.352941	131	0.435115	2.883303	784	0.316327	0.335000	0.410790	
781	0.595391	74	0.243243	145	0.779310	2.883303	781	0.595391	0.596000	0.411422	
745	0.622819	84	0.309524	171	0.906433	3.050100	745	0.622819	0.645000	0.412216	
747	0.630522	89	0.314607	164	0.951220	5.000000	747	0.630522	0.655000	0.413039	
717	0.629010	60	0.250000	223	0.982063	5.000000	717	0.629010	0.685000	0.413958	
733	0.436562	101	0.306931	166	0.765060	5.000000	733	0.436562	0.478000	0.414174	
714	0.151261	135	0.214815	151	0.589404	5.000000	714	0.151261	0.226000	0.413542	
770	0.132468	61	0.344262	169	0.603550	4.664188	770	0.132468	0.225000	0.412912	
767	0.226858	84	0.357143	149	0.496644	3.580265	767	0.226858	0.278000	0.412462	
775	0.242581	51	0.372549	174	0.563218	3.580265	775	0.242581	0.305000	0.412105	
814	0.222359	46	0.347826	140	0.457143	3.580265	814	0.222359	0.261000	0.411605	
765	0.240523	71	0.309859	164	0.378049	3.580265	765	0.240523	0.268000	0.411131	
780	0.207692	63	0.317460	157	0.522293	3.580265	780	0.207692	0.264000	0.410647	
766	0.223238	84	0.285714	150	0.320000	3.580265	766	0.223238	0.243000	0.410097	
756	0.261905	66	0.363636	178	0.573034	3.580265	756	0.261905	0.324000	0.409816	
756	0.603175	67	0.223881	177	0.824859	3.580265	756	0.603175	0.617000	0.410491	
762	0.608924	74	0.216216	164	0.945122	5.000000	762	0.608924	0.635000	0.411219	
772	0.230570	61	0.393443	167	0.562874	5.000000	772	0.230570	0.296000	0.410847	
787	0.185515	65	0.384615	148	0.459459	5.000000	787	0.185515	0.239000	0.410292	
754	0.348806	61	0.295082	185	0.605405	2.558415	754	0.348806	0.393000	0.410237	
719	0.406120	94	0.276596	187	0.935829	2.558415	719	0.406120	0.493000	0.410502	
757	0.607662	77	0.272727	166	0.987952	4.588612	757	0.607662	0.645000	0.411251	
772	0.630829	60	0.333333	168	0.970238	5.000000	772	0.630829	0.670000	0.412075	
742	0.630728	81	0.333333	177	0.988701	5.000000	742	0.630728	0.670000	0.412894	
763	0.597641	70	0.371429	167	0.904192	5.000000	763	0.597641	0.633000	0.413590	
756	0.212963	87	0.298851	157	0.585987	5.000000	756	0.212963	0.279000	0.413166	
736	0.148098	77	0.311688	187	0.486631	5.000000	736	0.148098	0.224000	0.412571	
769	0.230169	65	0.276923	166	0.500000	3.098036	769	0.230169	0.278000	0.412149	
787	0.222363	43	0.348837	170	0.500000	3.098036	787	0.222363	0.275000	0.411721	
762	0.228346	31	0.580645	207	0.483092	3.098036	762	0.228346	0.292000	0.411348	
783	0.214559	44	0.159091	173	0.502890	3.098036	783	0.214559	0.262000	0.410884	
788	0.222081	20	0.250000	192	0.494792	3.098036	788	0.222081	0.275000	0.410463	
784	0.214286	63	0.380952	153	0.392157	3.098036	784	0.214286	0.252000	0.409974	
790	0.248101	56	0.446429	154	0.474026	3.098036	790	0.248101	0.294000	0.409617	
764	0.195026	72	0.486111	164	0.414634	3.098036	764	0.195026	0.252000	0.409134	
753	0.309429	45	0.555556	202	0.321782	2.182308	753	0.309429	0.323000	0.408870	
773	0.309185	37	0.513514	190	0.421053	2.182308	773	0.309185	0.338000	0.408654	
798	0.310777	37	0.270270	165	0.400000	2.182308	798	0.310777	0.324000	0.408397	
784	0.309949	61	0.180328	155	0.541935	2.182308	784	0.309949	0.338000	0.408184	
803	0.313823	42	0.333333	155	0.470968	2.182308	803	0.313823	0.339000	0.407975	
766	0.306789	63	0.301587	171	0.573099	2.182308	766	0.306789	0.352000	0.407806	
790	0.339241	61	0.442623	149	0.489933	2.182308	790	0.339241	0.368000	0.407686	
789	0.332066	56	0.446429	155	0.567742	2.182308	789	0.332066	0.375000	0.407589	
791	0.327434	58	0.396552	151	0.463576	2.182308	791	0.327434	0.352000	0.407423	
791	0.337547	66	0.454545	143	0.454545	2.182308	791	0.337547	0.362000	0.407287	
791	0.310999	57	0.333333	152	0.500000	2.182308	791	0.310999	0.341000	0.407091	
780	0.328205	87	0.436782	133	0.526316	2.182308	780	0.328205	0.364000	0.406963	
768	0.311198	74	0.229730	158	0.493671	2.182308	768	0.311198	0.334000	0.406748	
780	0.271795	61	0.426230	159	0.566038	2.182308	780	0.271795	0.328000	0.406516	
765	0.301961	88	0.272727	147	0.557823	2.182308	765	0.301961	0.337000	0.406313	
785	0.299363	59	0.254237	156	0.448718	2.182308	785	0.299363	0.320000	0.406060	
807	0.286245	51	0.176471	142	0.549296	2.182308	807	0.286245	0.318000	0.405803	
783	0.306513	56	0.250000	161	0.422360	2.182308	783	0.306513	0.322000	0.405560	
776	0.323454	71	0.323944	153	0.444444	2.182308	776	0.323454	0.342000	0.405376	
799	0.310388	41	0.341463	160	0.418750	2.182308	799	0.310388	0.329000	0.405155	
795	0.343396	25	0.240000	180	0.538889	2.182308	795	0.343396	0.376000	0.405071	
777	0.315315	46	0.239130	177	0.429379	2.182308	777	0.315315	0.332000	0.404861	
745	0.302013	97	0.288660	158	0.455696	2.182308	745	0.302013	0.325000	0.404632	
766	0.306789	73	0.438356	161	0.515528	2.182308	766	0.306789	0.350000	0.404476	
809	0.310260	55	0.472727	136	0.448529	2.182308	809	0.310260	0.338000	0.404287	
767	0.361147	46	0.239130	187	0.481283	2.182308	767	0.361147	0.378000	0.404212	
816	0.305147	38	0.394737	146	0.465753	2.182308	816	0.305147	0.332000	0.404007	
787	0.304956	54	0.296296	159	0.452830	2.182308	787	0.304956	0.328000	0.403793	
753	0.298805	73	0.356164	174	0.442529	2.182308	753	0.298805	0.328000	0.403579	
764	0.362565	47	0.446809	189	0.476190	2.182308	764	0.362565	0.388000	0.403535	
777	0.317889	49	0.204082	174	0.459770	2.182308	777	0.317889	0.337000	0.403349	
790	0.320253	54	0.296296	156	0.570513	2.182308	790	0.320253	0.358000	0.403222	
783	0.312899	80	0.337500	137	0.386861	2.182308	783	0.312899	0.325000	0.403004	
774	0.311370	64	0.453125	162	0.444444	2.182308	774	0.311370	0.342000	0.402835	
766	0.319843	77	0.467532	157	0.305732	2.182308	766	0.319843	0.329000	0.402630	
770	0.285714	78	0.384615	152	0.177632	2.182308	770	0.285714	0.277000	0.402283	
761	0.373193	68	0.323529	171	0.467836	2.182308	761	0.373193	0.386000	0.402239	
773	0.347995	63	0.301587	164	0.518293	2.182308	773	0.347995	0.373000	0.402158	
803	0.295143	52	0.442308	145	0.468966	2.182308	803	0.295143	0.328000	0.401955	
775	0.298065	60	0.483333	165	0.490909	2.182308	775	0.298065	0.341000	0.401789	
804	0.296020	49	0.367347	147	0.421769	2.182308	804	0.296020	0.318000	0.401560	
798	0.289474	31	0.322581	171	0.526316	2.182308	798	0.289474	0.331000	0.401368	
790	0.311392	53	0.377358	157	0.464968	2.182308	790	0.311392	0.339000	0.401199	
793	0.286255	62	0.435484	145	0.586207	2.182308	793	0.286255	0.339000	0.401031	
766	0.323760	70	0.285714	164	0.463415	2.182308	766	0.323760	0.344000	0.400878	
777	0.298584	52	0.461538	171	0.619883	2.182308	777	0.298584	0.362000	0.400773	
768	0.330729	66	0.409091	166	0.512048	2.182308	768	0.330729	0.366000	0.400680	
789	0.314322	30	0.266667	181	0.441989	2.182308	789	0.314322	0.336000	0.400507	
806	0.310174	38	0.394737	156	0.532051	2.182308	806	0.310174	0.348000	0.400367	
795	0.290566	44	0.340909	161	0.534161	2.182308	795	0.290566	0.332000	0.400185	
790	0.337975	63	0.412698	147	0.469388	2.182308	790	0.337975	0.362000	0.400084	
779	0.332478	77	0.363636	144	0.604167	2.182308	779	0.332478	0.374000	0.400015	
771	0.325551	67	0.388060	162	0.629630	2.182308	771	0.325551	0.379000	0.399959	
810	0.338272	50	0.300000	140	0.407143	2.182308	810	0.338272	0.346000	0.399817	
779	0.317073	53	0.396226	168	0.422619	2.182308	779	0.317073	0.339000	0.399658	
788	0.319797	60	0.366667	152	0.519737	2.182308	788	0.319797	0.353000	0.399536	
810	0.303704	35	0.457143	155	0.619355	2.182308	810	0.303704	0.358000	0.399427	
782	0.345269	47	0.382979	171	0.473684	2.182308	782	0.345269	0.369000	0.399348	
827	0.332527	50	0.340000	123	0.552846	2.182308	827	0.332527	0.360000	0.399246	
775	0.365161	63	0.460317	162	0.512346	2.182308	775	0.365161	0.395000	0.399235	
782	0.319693	53	0.528302	165	0.484848	2.182308	782	0.319693	0.358000	0.399128	
779	0.309371	67	0.373134	154	0.500000	2.182308	779	0.309371	0.343000	0.398984	
792	0.305556	52	0.346154	156	0.410256	2.182308	792	0.305556	0.324000	0.398791	
795	0.295597	47	0.212766	158	0.468354	2.182308	795	0.295597	0.319000	0.398586	
774	0.356589	74	0.283784	152	0.611842	2.182308	774	0.356589	0.390000	0.398564	
789	0.320659	63	0.396825	148	0.587838	2.182308	789	0.320659	0.365000	0.398479	
767	0.329857	84	0.297619	149	0.395973	2.182308	767	0.329857	0.337000	0.398322	
813	0.325953	45	0.466667	142	0.471831	2.182308	813	0.325953	0.353000	0.398207	
779	0.311938	78	0.307692	143	0.517483	2.182308	779	0.311938	0.341000	0.398062	
791	0.316056	57	0.245614	152	0.434211	2.182308	791	0.316056	0.330000	0.397890	
801	0.348315	55	0.345455	144	0.416667	2.182308	801	0.348315	0.358000	0.397790	
802	0.330424	27	0.222222	171	0.450292	2.182308	802	0.330424	0.348000	0.397665	
801	0.289638	50	0.260000	149	0.375839	2.182308	801	0.289638	0.301000	0.397423	
750	0.330667	86	0.290698	164	0.567073	2.182308	750	0.330667	0.366000	0.397344	
764	0.316754	72	0.333333	164	0.451220	2.182308	764	0.316754	0.340000	0.397201	
798	0.342105	36	0.361111	166	0.506024	2.182308	798	0.342105	0.370000	0.397133	
795	0.333333	36	0.416667	169	0.508876	2.182308	795	0.333333	0.366000	0.397056	
789	0.347275	47	0.340426	164	0.560976	2.182308	789	0.347275	0.382000	0.397019	
797	0.327478	51	0.392157	152	0.453947	2.182308	797	0.327478	0.350000	0.396903	
792	0.303030	68	0.411765	140	0.564286	2.182308	792	0.303030	0.347000	0.396780	
795	0.311950	69	0.492754	136	0.522059	2.182308	795	0.311950	0.353000	0.396672	
765	0.352941	74	0.378378	161	0.583851	2.182308	765	0.352941	0.392000	0.396661	
786	0.351145	63	0.333333	151	0.503311	2.182308	786	0.351145	0.373000	0.396603	
808	0.310644	56	0.357143	136	0.514706	2.182308	808	0.310644	0.341000	0.396467	
775	0.318710	57	0.280702	168	0.517857	2.182308	775	0.318710	0.350000	0.396354	
810	0.335802	53	0.433962	137	0.321168	2.182308	810	0.335802	0.339000	0.396215	
784	0.322704	56	0.392857	160	0.431250	2.182308	784	0.322704	0.344000	0.396089	
788	0.281726	45	0.400000	167	0.485030	2.182308	788	0.281726	0.321000	0.395907	
776	0.313144	72	0.527778	152	0.585526	2.182308	776	0.313144	0.370000	0.395845	
750	0.322667	46	0.326087	204	0.519608	2.182308	750	0.322667	0.363000	0.395766	
802	0.291771	34	0.500000	164	0.445122	2.182308	802	0.291771	0.324000	0.395594	
785	0.317197	43	0.651163	172	0.482558	2.182308	785	0.317197	0.360000	0.395509	
785	0.322293	54	0.351852	161	0.546584	2.182308	785	0.322293	0.360000	0.395424	
768	0.307292	73	0.369863	159	0.465409	2.182308	768	0.307292	0.337000	0.395285	
790	0.318987	61	0.475410	149	0.449664	2.182308	790	0.318987	0.348000	0.395172	
786	0.354962	54	0.388889	160	0.487500	2.182308	786	0.354962	0.378000	0.395132	
780	0.344872	47	0.319149	173	0.543353	2.182308	780	0.344872	0.378000	0.395091	
768	0.330729	66	0.348485	166	0.626506	2.182308	768	0.330729	0.381000	0.395058	
726	0.314050	94	0.329787	180	0.372222	2.182308	726	0.314050	0.326000	0.394896	
766	0.310705	69	0.260870	165	0.484848	2.182308	766	0.310705	0.336000	0.394757	
816	0.352941	52	0.346154	132	0.363636	2.182308	816	0.352941	0.354000	0.394662	
783	0.270754	55	0.454545	162	0.469136	2.182308	783	0.270754	0.313000	0.394471	
765	0.316340	70	0.385714	165	0.539394	2.182308	765	0.316340	0.358000	0.394386	
766	0.328982	68	0.352941	166	0.409639	2.182308	766	0.328982	0.344000	0.394269	
778	0.308483	48	0.375000	174	0.528736	2.182308	778	0.308483	0.350000	0.394166	
774	0.324289	49	0.408163	177	0.497175	2.182308	774	0.324289	0.359000	0.394085	
820	0.303659	39	0.282051	141	0.453901	2.182308	820	0.303659	0.324000	0.393923	
766	0.312010	63	0.269841	171	0.485380	2.182308	766	0.312010	0.339000	0.393796	
765	0.298039	67	0.462687	168	0.464286	2.182308	765	0.298039	0.337000	0.393666	
744	0.299731	58	0.362069	198	0.535354	2.182308	744	0.299731	0.350000	0.393566	
771	0.338521	88	0.386364	141	0.567376	2.182308	771	0.338521	0.375000	0.393523	
790	0.320253	58	0.258621	152	0.532895	2.182308	790	0.320253	0.349000	0.393421	
779	0.336329	72	0.291667	149	0.590604	2.182308	779	0.336329	0.371000	0.393370	
766	0.287206	81	0.345679	153	0.339869	2.182308	766	0.287206	0.300000	0.393158	
774	0.297158	57	0.385965	169	0.532544	2.182308	774	0.297158	0.342000	0.393042	
813	0.333333	45	0.422222	142	0.457746	2.182308	813	0.333333	0.355000	0.392956	
799	0.321652	35	0.257143	166	0.584337	2.182308	799	0.321652	0.363000	0.392889	
747	0.302544	58	0.206897	195	0.461538	2.182308	747	0.302544	0.328000	0.392742	
752	0.301862	63	0.349206	185	0.540541	2.182308	752	0.301862	0.349000	0.392644	
787	0.331639	41	0.317073	172	0.575581	2.182308	787	0.331639	0.373000	0.392600	
788	0.295685	59	0.389831	153	0.568627	2.182308	788	0.295685	0.343000	0.392489	
775	0.289032	53	0.433962	172	0.540698	2.182308	775	0.289032	0.340000	0.392372	
778	0.278920	60	0.233333	162	0.493827	2.182308	778	0.278920	0.311000	0.392191	
754	0.371353	80	0.337500	166	0.469880	2.182308	754	0.371353	0.385000	0.392175	
782	0.276215	47	0.212766	171	0.432749	2.182308	782	0.276215	0.300000	0.391970	
806	0.307692	39	0.435897	155	0.445161	2.182308	806	0.307692	0.334000	0.391842	
784	0.309949	57	0.438596	159	0.421384	2.182308	784	0.309949	0.335000	0.391717	
740	0.310811	82	0.329268	178	0.348315	2.182308	740	0.310811	0.319000	0.391556	
744	0.379032	45	0.288889	211	0.426540	2.182308	744	0.379032	0.385000	0.391542	
820	0.306098	40	0.400000	140	0.421429	2.182308	820	0.306098	0.326000	0.391398	
793	0.311475	35	0.428571	172	0.517442	2.182308	793	0.311475	0.351000	0.391310	
836	0.314593	10	0.300000	154	0.246753	2.182308	836	0.314593	0.304000	0.391119	
810	0.307407	48	0.375000	142	0.619718	2.182308	810	0.307407	0.355000	0.391041	
784	0.332908	61	0.360656	155	0.535484	2.182308	784	0.332908	0.366000	0.390986	
780	0.326923	60	0.350000	160	0.437500	2.182308	780	0.326923	0.346000	0.390889	
788	0.315990	67	0.447761	145	0.496552	2.182308	788	0.315990	0.351000	0.390802	
785	0.307006	67	0.432836	148	0.432432	2.182308	785	0.307006	0.334000	0.390680	
749	0.301736	63	0.412698	188	0.457447	2.182308	749	0.301736	0.338000	0.390566	
766	0.322454	82	0.329268	152	0.519737	2.182308	766	0.322454	0.353000	0.390485	
767	0.297262	77	0.324675	156	0.602564	2.182308	767	0.297262	0.347000	0.390392	
765	0.330719	73	0.356164	162	0.395062	2.182308	765	0.330719	0.343000	0.390290	
763	0.338139	78	0.282051	159	0.503145	2.182308	763	0.338139	0.360000	0.390226	
773	0.327296	49	0.367347	178	0.623596	2.182308	773	0.327296	0.382000	0.390208	
766	0.335509	69	0.362319	165	0.515152	2.182308	766	0.335509	0.367000	0.390159	
776	0.323454	57	0.508772	167	0.586826	2.182308	776	0.323454	0.378000	0.390133	
784	0.341837	53	0.509434	163	0.478528	2.182308	784	0.341837	0.373000	0.390097	
751	0.304927	82	0.414634	167	0.461078	2.182308	751	0.304927	0.340000	0.389991	
810	0.304938	35	0.257143	155	0.335484	2.182308	810	0.304938	0.308000	0.389818	
777	0.332046	71	0.366197	152	0.388158	2.182308	777	0.332046	0.343000	0.389719	
801	0.317104	52	0.403846	147	0.462585	2.182308	801	0.317104	0.343000	0.389621	
805	0.245963	40	0.200000	155	0.470968	2.182308	805	0.245963	0.279000	0.389389	
768	0.303385	68	0.352941	164	0.530488	2.182308	768	0.303385	0.344000	0.389294	
749	0.320427	60	0.466667	191	0.492147	2.182308	749	0.320427	0.362000	0.389237	
781	0.326504	59	0.322034	160	0.512500	2.182308	781	0.326504	0.356000	0.389168	
809	0.320148	30	0.466667	161	0.447205	2.182308	809	0.320148	0.345000	0.389076	
797	0.332497	54	0.407407	149	0.476510	2.182308	797	0.332497	0.358000	0.389012	
753	0.329349	84	0.250000	163	0.484663	2.182308	753	0.329349	0.348000	0.388927	
795	0.314465	64	0.421875	141	0.475177	2.182308	795	0.314465	0.344000	0.388834	
729	0.348422	76	0.394737	195	0.579487	2.182308	729	0.348422	0.397000	0.388851	
802	0.296758	39	0.307692	159	0.496855	2.182308	802	0.296758	0.329000	0.388728	
778	0.302057	47	0.234043	175	0.457143	2.182308	778	0.302057	0.326000	0.388599	
780	0.348718	73	0.410959	147	0.482993	2.182308	780	0.348718	0.373000	0.388567	
793	0.364439	51	0.392157	156	0.570513	2.182308	793	0.364439	0.398000	0.388586	
782	0.324808	79	0.329114	139	0.359712	2.182308	782	0.324808	0.330000	0.388467	
760	0.357895	70	0.328571	170	0.488235	2.182308	760	0.357895	0.378000	0.388445	
790	0.336709	70	0.271429	140	0.528571	2.182308	790	0.336709	0.359000	0.388385	
752	0.380319	96	0.281250	152	0.480263	2.182308	752	0.380319	0.386000	0.388381	
768	0.308594	104	0.298077	128	0.554688	2.182308	768	0.308594	0.339000	0.388281	
779	0.313222	72	0.305556	149	0.630872	2.182308	779	0.313222	0.360000	0.388223	
803	0.343711	54	0.370370	143	0.524476	2.182308	803	0.343711	0.371000	0.388189	
763	0.307995	57	0.403509	180	0.616667	2.182308	763	0.307995	0.369000	0.388150	
762	0.326772	78	0.410256	160	0.631250	2.182308	762	0.326772	0.382000	0.388138	
802	0.326683	42	0.380952	156	0.519231	2.182308	802	0.326683	0.359000	0.388079	
799	0.291615	51	0.352941	150	0.486667	2.182308	799	0.291615	0.324000	0.387951	
776	0.358247	66	0.439394	158	0.525316	2.182308	776	0.358247	0.390000	0.387955	
787	0.325286	55	0.381818	158	0.550633	2.182308	787	0.325286	0.364000	0.387908	
733	0.304229	97	0.319588	170	0.470588	2.182308	733	0.304229	0.334000	0.387800	
764	0.312827	77	0.363636	159	0.371069	2.182308	764	0.312827	0.326000	0.387678	
777	0.325611	57	0.491228	166	0.469880	2.182308	777	0.325611	0.359000	0.387621	
788	0.343909	55	0.363636	157	0.585987	2.182308	788	0.343909	0.383000	0.387612	
800	0.306250	42	0.309524	158	0.455696	2.182308	800	0.306250	0.330000	0.387498	
783	0.319285	56	0.410714	161	0.447205	2.182308	783	0.319285	0.345000	0.387415	
755	0.324503	84	0.321429	161	0.453416	2.182308	755	0.324503	0.345000	0.387331	
802	0.302993	67	0.298507	131	0.335878	2.182308	802	0.302993	0.307000	0.387174	
795	0.319497	63	0.380952	142	0.478873	2.182308	795	0.319497	0.346000	0.387093	
781	0.300896	78	0.333333	141	0.524823	2.182308	781	0.300896	0.335000	0.386991	
767	0.318123	65	0.323077	168	0.517857	2.182308	767	0.318123	0.352000	0.386923	
768	0.322917	67	0.402985	165	0.509091	2.182308	768	0.322917	0.359000	0.386869	
777	0.388674	68	0.426471	155	0.554839	2.182308	777	0.388674	0.417000	0.386927	
788	0.329949	42	0.500000	170	0.470588	2.182308	788	0.329949	0.361000	0.386877	
812	0.349754	37	0.432432	151	0.450331	2.182308	812	0.349754	0.368000	0.386841	
772	0.361399	62	0.403226	166	0.433735	2.182308	772	0.361399	0.376000	0.386820	
770	0.342857	73	0.342466	157	0.426752	2.182308	770	0.342857	0.356000	0.386760	
781	0.338028	51	0.333333	168	0.500000	2.182308	781	0.338028	0.365000	0.386718	
780	0.296154	83	0.433735	137	0.591241	2.182308	780	0.296154	0.348000	0.386644	
796	0.325377	49	0.244898	155	0.548387	2.182308	796	0.325377	0.356000	0.386585	
785	0.304459	55	0.363636	160	0.493750	2.182308	785	0.304459	0.338000	0.386493	
828	0.292271	54	0.314815	118	0.440678	2.182308	828	0.292271	0.311000	0.386348	
772	0.272021	88	0.318182	140	0.507143	2.182308	772	0.272021	0.309000	0.386201	
791	0.316056	47	0.446809	162	0.580247	2.182308	791	0.316056	0.365000	0.386161	
779	0.359435	49	0.346939	172	0.529070	2.182308	779	0.359435	0.388000	0.386164	
763	0.340760	77	0.415584	160	0.375000	2.182308	763	0.340760	0.352000	0.386100	
770	0.320779	80	0.325000	150	0.433333	2.182308	770	0.320779	0.338000	0.386009	
768	0.330729	75	0.346667	157	0.471338	2.182308	768	0.330729	0.354000	0.385948	
772	0.327720	69	0.217391	159	0.471698	2.182308	772	0.327720	0.343000	0.385867	
806	0.322581	32	0.281250	162	0.518519	2.182308	806	0.322581	0.353000	0.385806	
766	0.309399	53	0.377358	181	0.580110	2.182308	766	0.309399	0.362000	0.385761	
777	0.325611	71	0.408451	152	0.519737	2.182308	777	0.325611	0.361000	0.385715	
775	0.323871	59	0.423729	166	0.548193	2.182308	775	0.323871	0.367000	0.385680	
757	0.306473	60	0.450000	183	0.540984	2.182308	757	0.306473	0.358000	0.385628	
772	0.365285	66	0.393939	162	0.506173	2.182308	772	0.365285	0.390000	0.385636	
776	0.341495	68	0.279412	156	0.461538	2.182308	776	0.341495	0.356000	0.385581	
795	0.322013	64	0.500000	141	0.503546	2.182308	795	0.322013	0.359000	0.385532	
770	0.350649	59	0.423729	171	0.491228	2.182308	770	0.350649	0.379000	0.385520	
746	0.290885	80	0.462500	174	0.534483	2.182308	746	0.290885	0.347000	0.385448	
782	0.314578	68	0.455882	150	0.566667	2.182308	782	0.314578	0.362000	0.385405	
772	0.318653	71	0.366197	157	0.356688	2.182308	772	0.318653	0.328000	0.385299	
768	0.341146	75	0.320000	157	0.509554	2.182308	768	0.341146	0.366000	0.385264	
794	0.341310	53	0.547170	153	0.490196	2.182308	794	0.341310	0.375000	0.385245	
778	0.302057	54	0.277778	168	0.511905	2.182308	778	0.302057	0.336000	0.385155	
783	0.323116	33	0.424242	184	0.586957	2.182308	783	0.323116	0.375000	0.385136	
763	0.352556	56	0.357143	181	0.464088	2.182308	763	0.352556	0.373000	0.385114	
791	0.317320	42	0.428571	167	0.461078	2.182308	791	0.317320	0.346000	0.385043	
763	0.328965	53	0.433962	184	0.532609	2.182308	763	0.328965	0.372000	0.385019	
785	0.313376	64	0.468750	151	0.523179	2.182308	785	0.313376	0.355000	0.384965	
745	0.289933	92	0.315217	163	0.607362	2.182308	745	0.289933	0.344000	0.384891	
755	0.295364	70	0.357143	175	0.497143	2.182308	755	0.295364	0.335000	0.384800	
773	0.316947	52	0.326923	175	0.577143	2.182308	773	0.316947	0.363000	0.384761	
794	0.326196	40	0.425000	166	0.572289	2.182308	794	0.326196	0.371000	0.384736	
730	0.353425	41	0.390244	229	0.449782	2.182308	730	0.353425	0.377000	0.384722	
781	0.285531	33	0.333333	186	0.548387	2.182308	781	0.285531	0.336000	0.384635	
808	0.375000	44	0.386364	148	0.398649	2.182308	808	0.375000	0.379000	0.384625	
789	0.333333	42	0.380952	169	0.408284	2.182308	789	0.333333	0.348000	0.384559	
787	0.353240	65	0.276923	148	0.520270	2.182308	787	0.353240	0.373000	0.384539	
795	0.304403	48	0.395833	157	0.515924	2.182308	795	0.304403	0.342000	0.384463	
792	0.348485	45	0.488889	163	0.693252	2.182308	792	0.348485	0.411000	0.384510	
775	0.287742	59	0.237288	166	0.500000	2.182308	775	0.287742	0.320000	0.384395	
763	0.304063	58	0.500000	179	0.519553	2.182308	763	0.304063	0.354000	0.384342	
784	0.325255	59	0.220339	157	0.496815	2.182308	784	0.325255	0.346000	0.384274	
785	0.360510	54	0.388889	161	0.565217	2.182308	785	0.360510	0.395000	0.384293	
787	0.339263	60	0.350000	153	0.385621	2.182308	787	0.339263	0.347000	0.384227	
771	0.342412	82	0.231707	147	0.435374	2.182308	771	0.342412	0.347000	0.384161	
788	0.327411	43	0.441860	169	0.437870	2.182308	788	0.327411	0.351000	0.384103	
785	0.341401	60	0.366667	155	0.535484	2.182308	785	0.341401	0.373000	0.384084	
779	0.347882	68	0.455882	153	0.588235	2.182308	779	0.347882	0.392000	0.384097	
779	0.314506	67	0.373134	154	0.422078	2.182308	779	0.314506	0.335000	0.384012	
755	0.328477	84	0.321429	161	0.496894	2.182308	755	0.328477	0.355000	0.383961	
805	0.283230	62	0.306452	133	0.436090	2.182308	805	0.283230	0.305000	0.383823	
750	0.297333	62	0.403226	188	0.430851	2.182308	750	0.297333	0.329000	0.383728	
783	0.289911	47	0.255319	170	0.564706	2.182308	783	0.289911	0.335000	0.383643	
797	0.306148	29	0.344828	174	0.459770	2.182308	797	0.306148	0.334000	0.383557	
800	0.340000	43	0.325581	157	0.515924	2.182308	800	0.340000	0.367000	0.383529	
799	0.331665	69	0.362319	132	0.310606	2.182308	799	0.331665	0.331000	0.383438	
770	0.335065	69	0.318841	161	0.527950	2.182308	770	0.335065	0.365000	0.383406	
775	0.341935	62	0.387097	163	0.472393	2.182308	775	0.341935	0.366000	0.383376	
736	0.330163	72	0.444444	192	0.593750	2.182308	736	0.330163	0.389000	0.383386	
755	0.309934	78	0.320513	167	0.437126	2.182308	755	0.309934	0.332000	0.383298	
774	0.319121	75	0.333333	151	0.463576	2.182308	774	0.319121	0.342000	0.383227	
797	0.309912	33	0.333333	170	0.317647	2.182308	797	0.309912	0.312000	0.383105	
787	0.322745	50	0.440000	163	0.447853	2.182308	787	0.322745	0.349000	0.383047	
758	0.287599	66	0.348485	176	0.471591	2.182308	758	0.287599	0.324000	0.382947	
765	0.318954	67	0.417910	168	0.452381	2.182308	765	0.318954	0.348000	0.382887	
765	0.304575	46	0.304348	189	0.444444	2.182308	765	0.304575	0.331000	0.382799	
789	0.296578	55	0.327273	156	0.429487	2.182308	789	0.296578	0.319000	0.382691	
757	0.306473	50	0.400000	193	0.663212	2.182308	757	0.306473	0.380000	0.382686	
789	0.315589	45	0.311111	166	0.542169	2.182308	789	0.315589	0.353000	0.382636	
760	0.310526	66	0.424242	174	0.505747	2.182308	760	0.310526	0.352000	0.382585	
779	0.283697	77	0.363636	144	0.520833	2.182308	779	0.283697	0.324000	0.382486	
775	0.331613	47	0.425532	178	0.488764	2.182308	775	0.331613	0.364000	0.382455	
758	0.302111	77	0.402597	165	0.448485	2.182308	758	0.302111	0.334000	0.382374	
773	0.306598	61	0.508197	166	0.530120	2.182308	773	0.306598	0.356000	0.382329	
774	0.304910	64	0.421875	162	0.438272	2.182308	774	0.304910	0.334000	0.382249	
782	0.308184	61	0.377049	157	0.515924	2.182308	782	0.308184	0.345000	0.382186	
766	0.343342	57	0.263158	177	0.627119	2.182308	766	0.343342	0.389000	0.382198	
793	0.306431	56	0.428571	151	0.417219	2.182308	793	0.306431	0.330000	0.382111	
779	0.390244	58	0.586207	163	0.533742	2.182308	779	0.390244	0.425000	0.382182	
712	0.360955	52	0.269231	236	0.436441	2.182308	712	0.360955	0.374000	0.382169	
743	0.355316	67	0.417910	190	0.484211	2.182308	743	0.355316	0.384000	0.382172	
772	0.290155	71	0.380282	157	0.515924	2.182308	772	0.290155	0.332000	0.382089	
774	0.326873	79	0.227848	147	0.435374	2.182308	774	0.326873	0.335000	0.382011	
762	0.332021	62	0.403226	176	0.522727	2.182308	762	0.332021	0.370000	0.381991	
801	0.372035	64	0.359375	135	0.437037	2.182308	801	0.372035	0.380000	0.381988	
756	0.312169	71	0.352113	173	0.462428	2.182308	756	0.312169	0.341000	0.381921	
779	0.340180	52	0.461538	169	0.390533	2.182308	779	0.340180	0.355000	0.381876	
728	0.362637	40	0.300000	232	0.517241	2.182308	728	0.362637	0.396000	0.381900	
756	0.291005	68	0.338235	176	0.306818	2.182308	756	0.291005	0.297000	0.381761	
771	0.338521	68	0.235294	161	0.422360	2.182308	771	0.338521	0.345000	0.381701	
793	0.319042	45	0.577778	162	0.555556	2.182308	793	0.319042	0.369000	0.381680	
811	0.288533	61	0.295082	128	0.406250	2.182308	811	0.288533	0.304000	0.381554	
749	0.263017	57	0.175439	194	0.417526	2.182308	749	0.263017	0.288000	0.381402	
742	0.328841	74	0.405405	184	0.456522	2.182308	742	0.328841	0.358000	0.381364	
780	0.324359	56	0.321429	164	0.506098	2.182308	780	0.324359	0.354000	0.381320	
776	0.287371	45	0.288889	179	0.402235	2.182308	776	0.287371	0.308000	0.381201	
781	0.294494	34	0.382353	185	0.400000	2.182308	781	0.294494	0.317000	0.381098	
770	0.355844	47	0.425532	183	0.437158	2.182308	770	0.355844	0.374000	0.381086	
748	0.291444	86	0.372093	166	0.548193	2.182308	748	0.291444	0.341000	0.381022	
781	0.320102	60	0.350000	159	0.591195	2.182308	781	0.320102	0.365000	0.380996	
784	0.312500	68	0.279412	148	0.587838	2.182308	784	0.312500	0.351000	0.380948	
773	0.328590	81	0.370370	146	0.465753	2.182308	773	0.328590	0.352000	0.380902	
787	0.318933	52	0.384615	161	0.341615	2.182308	787	0.318933	0.326000	0.380814	
755	0.333775	67	0.462687	178	0.561798	2.182308	755	0.333775	0.383000	0.380818	
775	0.326452	56	0.232143	169	0.502959	2.182308	775	0.326452	0.351000	0.380770	
774	0.342377	70	0.300000	156	0.583333	2.182308	774	0.342377	0.377000	0.380764	
785	0.338854	53	0.339623	162	0.561728	2.182308	785	0.338854	0.375000	0.380755	
814	0.336609	27	0.370370	159	0.572327	2.182308	814	0.336609	0.375000	0.380746	
780	0.314103	55	0.363636	165	0.642424	2.182308	780	0.314103	0.371000	0.380730	
752	0.300532	90	0.366667	158	0.506329	2.182308	752	0.300532	0.339000	0.380664	
773	0.265201	67	0.462687	160	0.418750	2.182308	773	0.265201	0.303000	0.380542	
782	0.286445	27	0.370370	191	0.507853	2.182308	782	0.286445	0.331000	0.380464	
812	0.342365	23	0.391304	165	0.357576	2.182308	812	0.342365	0.346000	0.380410	
770	0.314286	61	0.377049	169	0.426036	2.182308	770	0.314286	0.337000	0.380342	
758	0.323219	59	0.355932	183	0.579235	2.182308	758	0.323219	0.372000	0.380329	
776	0.331186	71	0.295775	153	0.529412	2.182308	776	0.331186	0.359000	0.380295	
755	0.309934	77	0.155844	168	0.470238	2.182308	755	0.309934	0.325000	0.380209	
761	0.315375	72	0.319444	167	0.574850	2.182308	761	0.315375	0.359000	0.380176	
785	0.317197	58	0.241379	157	0.471338	2.182308	785	0.317197	0.337000	0.380108	
797	0.329987	42	0.380952	161	0.509317	2.182308	797	0.329987	0.361000	0.380079	
759	0.334651	67	0.283582	174	0.454023	2.182308	759	0.334651	0.352000	0.380035	
789	0.340938	36	0.194444	175	0.502857	2.182308	789	0.340938	0.364000	0.380010	
812	0.315271	49	0.367347	139	0.402878	2.182308	812	0.315271	0.330000	0.379933	
769	0.313394	64	0.359375	167	0.502994	2.182308	769	0.313394	0.348000	0.379883	
814	0.299754	56	0.428571	130	0.546154	2.182308	814	0.299754	0.339000	0.379820	
740	0.348649	88	0.431818	172	0.587209	2.182308	740	0.348649	0.397000	0.379847	
798	0.308271	47	0.361702	155	0.535484	2.182308	798	0.308271	0.346000	0.379795	
787	0.318933	58	0.448276	155	0.548387	2.182308	787	0.318933	0.362000	0.379767	
789	0.321926	42	0.547619	169	0.544379	2.182308	789	0.321926	0.369000	0.379751	
791	0.374210	69	0.275362	140	0.521429	2.182308	791	0.374210	0.388000	0.379764	
783	0.337165	51	0.352941	166	0.602410	2.182308	783	0.337165	0.382000	0.379767	
799	0.340426	68	0.323529	133	0.571429	2.182308	799	0.340426	0.370000	0.379752	
798	0.320802	43	0.511628	159	0.433962	2.182308	798	0.320802	0.347000	0.379702	
769	0.301691	81	0.296296	150	0.340000	2.182308	769	0.301691	0.307000	0.379592	
785	0.326115	53	0.320755	162	0.500000	2.182308	785	0.326115	0.354000	0.379553	
801	0.313358	54	0.333333	145	0.420690	2.182308	801	0.313358	0.330000	0.379477	
812	0.298030	51	0.411765	137	0.437956	2.182308	812	0.298030	0.323000	0.379392	
785	0.346497	50	0.440000	165	0.448485	2.182308	785	0.346497	0.368000	0.379375	
771	0.308690	59	0.372881	170	0.541176	2.182308	771	0.308690	0.352000	0.379333	
749	0.324433	76	0.381579	175	0.520000	2.182308	749	0.324433	0.363000	0.379309	
761	0.329829	73	0.356164	166	0.566265	2.182308	761	0.329829	0.371000	0.379296	
771	0.335927	62	0.435484	167	0.550898	2.182308	771	0.335927	0.378000	0.379294	
774	0.333333	54	0.388889	172	0.488372	2.182308	774	0.333333	0.363000	0.379270	
776	0.353093	72	0.361111	152	0.440789	2.182308	776	0.353093	0.367000	0.379251	
778	0.321337	62	0.403226	160	0.368750	2.182308	778	0.321337	0.334000	0.379184	
740	0.312162	89	0.325843	171	0.561404	2.182308	740	0.312162	0.356000	0.379149	
774	0.329457	67	0.298507	159	0.427673	2.182308	774	0.329457	0.343000	0.379095	
775	0.325161	55	0.436364	170	0.400000	2.182308	775	0.325161	0.344000	0.379043	
803	0.282690	32	0.343750	165	0.393939	2.182308	803	0.282690	0.303000	0.378929	
765	0.342484	65	0.415385	170	0.300000	2.182308	765	0.342484	0.340000	0.378872	
788	0.338832	75	0.253333	137	0.518248	2.182308	788	0.338832	0.357000	0.378839	
751	0.348868	88	0.272727	161	0.397516	2.182308	751	0.348868	0.350000	0.378796	
769	0.335501	78	0.256410	153	0.483660	2.182308	769	0.335501	0.352000	0.378757	
730	0.358904	64	0.406250	206	0.359223	2.182308	730	0.358904	0.362000	0.378732	
772	0.352332	64	0.328125	164	0.524390	2.182308	772	0.352332	0.379000	0.378732	
788	0.361675	55	0.418182	157	0.471338	2.182308	788	0.361675	0.382000	0.378737	
795	0.362264	48	0.458333	157	0.407643	2.182308	795	0.362264	0.374000	0.378730	
762	0.332021	71	0.422535	167	0.461078	2.182308	762	0.332021	0.360000	0.378703	
803	0.323786	37	0.432432	160	0.575000	2.182308	803	0.323786	0.368000	0.378687	
764	0.306283	61	0.295082	175	0.445714	2.182308	764	0.306283	0.330000	0.378616	
816	0.279412	44	0.250000	140	0.557143	2.182308	816	0.279412	0.317000	0.378526	
777	0.311454	71	0.338028	152	0.434211	2.182308	777	0.311454	0.332000	0.378458	
764	0.349476	58	0.344828	178	0.544944	2.182308	764	0.349476	0.384000	0.378466	
801	0.348315	46	0.434783	153	0.529412	2.182308	801	0.348315	0.380000	0.378468	
792	0.315657	66	0.439394	142	0.507042	2.182308	792	0.315657	0.351000	0.378428	
809	0.295426	35	0.571429	156	0.551282	2.182308	809	0.295426	0.345000	0.378380	
795	0.332075	66	0.363636	139	0.446043	2.182308	795	0.332075	0.350000	0.378339	
780	0.300000	69	0.333333	151	0.476821	2.182308	780	0.300000	0.329000	0.378267	
787	0.325286	33	0.393939	180	0.477778	2.182308	787	0.325286	0.355000	0.378234	
770	0.314286	60	0.316667	170	0.441176	2.182308	770	0.314286	0.336000	0.378173	
777	0.294723	77	0.259740	146	0.506849	2.182308	777	0.294723	0.323000	0.378093	
768	0.345052	76	0.421053	156	0.480769	2.182308	768	0.345052	0.372000	0.378084	
757	0.327609	92	0.336957	151	0.463576	2.182308	757	0.327609	0.349000	0.378043	
801	0.319600	61	0.262295	138	0.536232	2.182308	801	0.319600	0.346000	0.377997	
755	0.333775	63	0.444444	182	0.554945	2.182308	755	0.333775	0.381000	0.378001	
795	0.310692	36	0.416667	169	0.520710	2.182308	795	0.310692	0.350000	0.377961	
784	0.316327	30	0.633333	186	0.370968	2.182308	784	0.316327	0.336000	0.377901	
818	0.288509	34	0.323529	148	0.506757	2.182308	818	0.288509	0.322000	0.377821	
804	0.342040	39	0.358974	157	0.445860	2.182308	804	0.342040	0.359000	0.377794	
768	0.339844	87	0.356322	145	0.537931	2.182308	768	0.339844	0.370000	0.377783	
784	0.302296	70	0.357143	146	0.445205	2.182308	784	0.302296	0.327000	0.377711	
788	0.276650	41	0.219512	171	0.520468	2.182308	788	0.276650	0.316000	0.377624	
735	0.302041	94	0.244681	171	0.409357	2.182308	735	0.302041	0.315000	0.377535	
802	0.354115	59	0.305085	139	0.546763	2.182308	802	0.354115	0.378000	0.377536	
757	0.291942	70	0.271429	173	0.456647	2.182308	757	0.291942	0.319000	0.377453	
777	0.321750	59	0.389831	164	0.457317	2.182308	777	0.321750	0.348000	0.377411	
776	0.353093	68	0.294118	156	0.378205	2.182308	776	0.353093	0.353000	0.377377	
796	0.353015	36	0.361111	168	0.440476	2.182308	796	0.353015	0.368000	0.377364	
781	0.341869	58	0.275862	161	0.422360	2.182308	781	0.341869	0.351000	0.377327	
785	0.332484	56	0.267857	159	0.327044	2.182308	785	0.332484	0.328000	0.377258	
788	0.361675	64	0.343750	148	0.500000	2.182308	788	0.361675	0.381000	0.377263	
797	0.393977	40	0.350000	163	0.601227	2.182308	797	0.393977	0.426000	0.377331	
801	0.307116	50	0.320000	149	0.409396	2.182308	801	0.307116	0.323000	0.377255	
779	0.322208	75	0.320000	146	0.410959	2.182308	779	0.322208	0.335000	0.377196	
774	0.311370	67	0.447761	159	0.415094	2.182308	774	0.311370	0.337000	0.377140	
782	0.290281	77	0.311688	141	0.475177	2.182308	782	0.290281	0.318000	0.377058	
783	0.274585	62	0.451613	155	0.406452	2.182308	783	0.274585	0.306000	0.376959	
767	0.289439	54	0.351852	179	0.463687	2.182308	767	0.289439	0.324000	0.376886	
760	0.305263	83	0.373494	157	0.528662	2.182308	760	0.305263	0.346000	0.376843	
762	0.333333	84	0.333333	154	0.571429	2.182308	762	0.333333	0.370000	0.376834	
772	0.325130	77	0.350649	151	0.463576	2.182308	772	0.325130	0.348000	0.376794	
764	0.316754	50	0.380000	186	0.591398	2.182308	764	0.316754	0.371000	0.376786	
783	0.325670	43	0.279070	174	0.620690	2.182308	783	0.325670	0.375000	0.376783	
771	0.341115	65	0.276923	164	0.579268	2.182308	771	0.341115	0.376000	0.376782	
779	0.308087	89	0.325843	132	0.416667	2.182308	779	0.308087	0.324000	0.376710	
776	0.320876	74	0.486486	150	0.473333	2.182308	776	0.320876	0.356000	0.376681	
779	0.332478	60	0.450000	161	0.416149	2.182308	779	0.332478	0.353000	0.376649	
785	0.287898	59	0.423729	156	0.493590	2.182308	785	0.287898	0.328000	0.376582	
797	0.337516	55	0.363636	148	0.445946	2.182308	797	0.337516	0.355000	0.376553	
767	0.324641	47	0.382979	186	0.505376	2.182308	767	0.324641	0.361000	0.376532	
777	0.339768	55	0.436364	168	0.571429	2.182308	777	0.339768	0.384000	0.376542	
782	0.340153	40	0.325000	178	0.376404	2.182308	782	0.340153	0.346000	0.376500	
799	0.304130	41	0.414634	160	0.525000	2.182308	799	0.304130	0.344000	0.376456	
808	0.325495	45	0.555556	147	0.612245	2.182308	808	0.325495	0.378000	0.376458	
782	0.276215	42	0.476190	176	0.505682	2.182308	782	0.276215	0.325000	0.376388	
770	0.315584	76	0.355263	154	0.551948	2.182308	770	0.315584	0.355000	0.376359	
808	0.310644	29	0.448276	163	0.588957	2.182308	808	0.310644	0.360000	0.376337	
778	0.335476	52	0.307692	170	0.411765	2.182308	778	0.335476	0.347000	0.376298	
777	0.335907	60	0.383333	163	0.447853	2.182308	777	0.335907	0.357000	0.376272	
764	0.331152	73	0.369863	163	0.552147	2.182308	764	0.331152	0.370000	0.376263	
782	0.282609	65	0.384615	153	0.549020	2.182308	782	0.282609	0.330000	0.376201	
768	0.255208	54	0.351852	178	0.404494	2.182308	768	0.255208	0.287000	0.376081	
789	0.297845	35	0.257143	176	0.369318	2.182308	789	0.297845	0.309000	0.375991	
776	0.317010	60	0.416667	164	0.579268	2.182308	776	0.317010	0.366000	0.375978	
796	0.301508	34	0.470588	170	0.494118	2.182308	796	0.301508	0.340000	0.375930	
789	0.313054	56	0.410714	155	0.509677	2.182308	789	0.313054	0.349000	0.375894	
767	0.349413	71	0.323944	162	0.419753	2.182308	767	0.349413	0.359000	0.375871	
769	0.297789	66	0.272727	165	0.454545	2.182308	769	0.297789	0.322000	0.375800	
809	0.341162	44	0.363636	147	0.360544	2.182308	809	0.341162	0.345000	0.375759	
796	0.342965	48	0.479167	156	0.532051	2.182308	796	0.342965	0.379000	0.375763	
777	0.298584	58	0.534483	165	0.448485	2.182308	777	0.298584	0.337000	0.375712	
767	0.299870	85	0.329412	148	0.567568	2.182308	767	0.299870	0.342000	0.375667	
761	0.304862	71	0.295775	168	0.571429	2.182308	761	0.304862	0.349000	0.375632	
768	0.330729	75	0.306667	157	0.445860	2.182308	768	0.330729	0.347000	0.375594	
771	0.370947	68	0.308824	161	0.509317	2.182308	771	0.370947	0.389000	0.375612	
787	0.453621	64	0.281250	149	0.583893	2.182308	787	0.453621	0.462000	0.375725	
753	0.681275	83	0.289157	164	0.932927	2.508018	753	0.681275	0.690000	0.376139	
756	0.613757	48	0.208333	196	0.811224	3.136186	756	0.613757	0.633000	0.376477	
777	0.485199	78	0.269231	145	0.813793	5.000000	777	0.485199	0.516000	0.376660	
765	0.575163	81	0.320988	154	0.954545	5.000000	765	0.575163	0.613000	0.376969	
731	0.380301	90	0.277778	179	0.888268	5.000000	731	0.380301	0.462000	0.377081	
763	0.242464	92	0.304348	145	0.600000	5.000000	763	0.242464	0.300000	0.376980	
805	0.426087	40	0.300000	155	0.761290	5.000000	805	0.426087	0.473000	0.377105	
785	0.403822	54	0.296296	161	0.714286	5.000000	785	0.403822	0.448000	0.377198	
625	0.320000	126	0.158730	249	0.979920	5.000000	625	0.320000	0.464000	0.377311	
685	0.201460	88	0.295455	227	0.973568	5.000000	685	0.201460	0.385000	0.377321	
764	0.619110	80	0.262500	156	0.987179	5.000000	764	0.619110	0.648000	0.377672	
781	0.628681	64	0.312500	155	0.967742	5.000000	781	0.628681	0.661000	0.378040	
751	0.612517	78	0.346154	171	0.982456	5.000000	751	0.612517	0.655000	0.378398	
783	0.574713	74	0.324324	143	0.874126	5.000000	783	0.574713	0.599000	0.378684	
762	0.623360	82	0.280488	156	0.955128	5.000000	762	0.623360	0.647000	0.379031	
784	0.677296	55	0.218182	161	0.962733	5.000000	784	0.677296	0.698000	0.379442	
771	0.577173	69	0.304348	160	0.925000	5.000000	771	0.577173	0.614000	0.379744	
787	0.649301	55	0.309091	158	0.987342	5.000000	787	0.649301	0.684000	0.380136	
811	0.653514	44	0.409091	145	0.986207	5.000000	811	0.653514	0.691000	0.380536	
729	0.698217	71	0.352113	200	0.995000	5.000000	729	0.698217	0.733000	0.380988	
782	0.668798	56	0.357143	162	1.000000	5.000000	782	0.668798	0.705000	0.381403	
752	0.575798	80	0.225000	168	0.982143	5.000000	752	0.575798	0.616000	0.381704	
740	0.297297	80	0.362500	180	0.588889	5.000000	740	0.297297	0.355000	0.381670	
748	0.187166	72	0.222222	180	0.427778	5.000000	748	0.187166	0.233000	0.381480	
748	0.640374	76	0.342105	176	0.897727	3.213906	748	0.640374	0.663000	0.381839	
769	0.338101	90	0.400000	141	0.765957	5.000000	769	0.338101	0.404000	0.381867	
764	0.198953	75	0.413333	161	0.577640	5.000000	764	0.198953	0.276000	0.381732	
722	0.301939	67	0.179104	211	0.914692	3.889154	722	0.301939	0.423000	0.381785	
674	0.210682	91	0.186813	235	1.000000	3.889154	674	0.210682	0.394000	0.381800	
677	0.171344	122	0.090164	201	0.995025	3.889154	677	0.171344	0.327000	0.381731	
741	0.314440	91	0.252747	168	1.000000	2.179013	741	0.314440	0.424000	0.381784	
744	0.329301	78	0.217949	178	0.994382	2.179013	744	0.329301	0.439000	0.381857	
726	0.347107	69	0.289855	205	1.000000	2.179013	726	0.347107	0.477000	0.381977	
713	0.302945	85	0.188235	202	0.995050	2.179013	713	0.302945	0.433000	0.382041	
750	0.274667	102	0.156863	148	1.000000	2.179013	750	0.274667	0.370000	0.382026	
719	0.346314	77	0.233766	204	0.995098	2.179013	719	0.346314	0.470000	0.382137	
720	0.298611	78	0.294872	202	1.000000	2.179013	720	0.298611	0.440000	0.382209	
725	0.277241	60	0.316667	215	1.000000	2.179013	725	0.277241	0.435000	0.382276	
728	0.339286	78	0.307692	194	1.000000	2.179013	728	0.339286	0.465000	0.382379	
768	0.324219	61	0.262295	171	1.000000	2.179013	768	0.324219	0.436000	0.382446	
759	0.318841	63	0.253968	178	1.000000	2.179013	759	0.318841	0.436000	0.382513	
703	0.308677	126	0.190476	171	1.000000	2.179013	703	0.308677	0.412000	0.382550	
724	0.325967	117	0.162393	159	0.937107	2.179013	724	0.325967	0.404000	0.382577	
761	0.367937	79	0.253165	160	1.000000	2.179013	761	0.367937	0.460000	0.382673	
704	0.289773	102	0.166667	194	1.000000	2.179013	704	0.289773	0.415000	0.382713	
699	0.329041	130	0.169231	171	1.000000	2.179013	699	0.329041	0.423000	0.382763	
751	0.326232	95	0.168421	154	1.000000	2.179013	751	0.326232	0.415000	0.382803	
745	0.346309	76	0.315789	179	0.983240	2.179013	745	0.346309	0.458000	0.382897	
747	0.310576	121	0.165289	132	0.977273	2.179013	747	0.310576	0.381000	0.382894	
759	0.349144	89	0.123596	152	1.000000	2.179013	759	0.349144	0.428000	0.382950	
675	0.391111	127	0.149606	198	0.994949	2.179013	675	0.391111	0.480000	0.383070	
758	0.366755	95	0.263158	147	1.000000	2.179013	758	0.366755	0.450000	0.383152	
738	0.338753	120	0.133333	142	0.936620	2.179013	738	0.338753	0.399000	0.383172	
737	0.382632	118	0.144068	145	1.000000	2.179013	737	0.382632	0.444000	0.383247	
750	0.438667	99	0.191919	151	0.993377	2.179013	750	0.438667	0.498000	0.383388	
765	0.346405	80	0.187500	155	0.974194	2.209045	765	0.346405	0.431000	0.383446	
761	0.346912	70	0.242857	169	0.952663	2.209045	761	0.346912	0.442000	0.383518	
756	0.337302	83	0.192771	161	0.987578	2.209045	756	0.337302	0.430000	0.383575	
696	0.350575	125	0.208000	179	1.000000	2.209045	696	0.350575	0.449000	0.383655	
708	0.298023	77	0.363636	215	1.000000	2.209045	708	0.298023	0.454000	0.383741	
667	0.371814	113	0.221239	220	1.000000	2.209045	667	0.371814	0.493000	0.383874	
741	0.376518	92	0.173913	167	1.000000	2.209045	741	0.376518	0.462000	0.383969	
708	0.365819	128	0.078125	164	1.000000	2.209045	708	0.365819	0.433000	0.384029	
740	0.301351	102	0.107843	158	0.993671	2.209045	740	0.301351	0.391000	0.384037	
734	0.317439	85	0.152941	181	1.000000	2.209045	734	0.317439	0.427000	0.384089	
763	0.314548	80	0.325000	157	0.993631	2.209045	763	0.314548	0.422000	0.384135	
744	0.314516	81	0.246914	175	1.000000	2.209045	744	0.314516	0.429000	0.384190	
748	0.320856	83	0.216867	169	0.988166	2.209045	748	0.320856	0.425000	0.384239	
732	0.389344	110	0.227273	158	1.000000	2.209045	732	0.389344	0.468000	0.384340	
750	0.360000	95	0.252632	155	0.941935	2.209045	750	0.360000	0.440000	0.384407	
761	0.391590	74	0.202703	165	0.969697	2.209045	761	0.391590	0.473000	0.384514	
697	0.335725	92	0.239130	211	0.995261	2.209045	697	0.335725	0.466000	0.384612	
731	0.306430	103	0.213592	166	1.000000	2.209045	731	0.306430	0.412000	0.384645	
706	0.324363	103	0.320388	191	1.000000	2.209045	706	0.324363	0.453000	0.384727	
711	0.322082	108	0.194444	181	1.000000	2.209045	711	0.322082	0.431000	0.384783	
741	0.259109	112	0.232143	147	1.000000	2.209045	741	0.259109	0.365000	0.384759	
710	0.371831	122	0.245902	168	1.000000	2.209045	710	0.371831	0.462000	0.384851	
739	0.273342	110	0.190909	151	1.000000	2.209045	739	0.273342	0.374000	0.384838	
713	0.321178	118	0.161017	169	1.000000	2.209045	713	0.321178	0.417000	0.384877	
735	0.296599	103	0.213592	162	1.000000	2.209045	735	0.296599	0.402000	0.384897	
734	0.271117	122	0.081967	144	1.000000	2.209045	734	0.271117	0.353000	0.384859	
711	0.298172	85	0.200000	204	1.000000	2.209045	711	0.298172	0.433000	0.384916	
753	0.310757	77	0.233766	170	1.000000	2.209045	753	0.310757	0.422000	0.384960	
762	0.299213	94	0.234043	144	1.000000	2.209045	762	0.299213	0.394000	0.384971	
764	0.308901	99	0.171717	137	1.000000	2.209045	764	0.308901	0.390000	0.384977	
719	0.328234	123	0.195122	158	1.000000	2.209045	719	0.328234	0.418000	0.385016	
710	0.277465	134	0.171642	156	1.000000	2.209045	710	0.277465	0.376000	0.385005	
722	0.353186	121	0.206612	157	1.000000	2.209045	722	0.353186	0.437000	0.385067	
735	0.340136	93	0.182796	172	1.000000	2.209045	735	0.340136	0.439000	0.385130	
735	0.293878	101	0.198020	164	1.000000	2.209045	735	0.293878	0.400000	0.385148	
733	0.309686	88	0.215909	179	0.988827	2.209045	733	0.309686	0.423000	0.385192	
725	0.337931	100	0.110000	175	1.000000	2.209045	725	0.337931	0.431000	0.385246	
727	0.350757	102	0.225490	171	0.994152	2.209045	727	0.350757	0.448000	0.385320	
755	0.332450	112	0.125000	133	1.000000	2.209045	755	0.332450	0.398000	0.385335	
708	0.323446	96	0.260417	196	1.000000	2.209045	708	0.323446	0.450000	0.385411	
741	0.240216	88	0.250000	171	1.000000	2.209045	741	0.240216	0.371000	0.385394	
775	0.313548	71	0.183099	154	1.000000	2.209045	775	0.313548	0.410000	0.385422	
755	0.328477	84	0.214286	161	1.000000	2.209045	755	0.328477	0.427000	0.385471	
725	0.307586	98	0.173469	177	1.000000	2.209045	725	0.307586	0.417000	0.385508	
769	0.339402	80	0.150000	151	0.993377	2.209045	769	0.339402	0.423000	0.385551	
691	0.353111	124	0.233871	185	0.994595	2.209045	691	0.353111	0.457000	0.385634	
707	0.356436	108	0.185185	185	0.994595	2.209045	707	0.356436	0.456000	0.385716	
711	0.371308	99	0.252525	190	1.000000	2.209045	711	0.371308	0.479000	0.385824	
693	0.470418	127	0.204724	180	0.988889	2.209045	693	0.470418	0.530000	0.385991	
758	0.680739	71	0.253521	171	0.994152	3.728301	758	0.680739	0.704000	0.386360	
745	0.562416	88	0.227273	167	0.952096	5.000000	745	0.562416	0.598000	0.386604	
774	0.651163	75	0.280000	151	0.986755	5.000000	774	0.651163	0.674000	0.386936	
692	0.294798	97	0.298969	211	0.995261	5.000000	692	0.294798	0.443000	0.387001	
711	0.104079	96	0.166667	193	0.994819	5.000000	711	0.104079	0.282000	0.386880	
730	0.253425	101	0.168317	169	1.000000	2.523397	730	0.253425	0.371000	0.386861	
750	0.761333	82	0.365854	168	0.946429	2.523397	750	0.761333	0.760000	0.387290	
727	0.755158	80	0.262500	193	0.984456	2.592031	727	0.755158	0.760000	0.387718	
790	0.649367	70	0.300000	140	0.971429	4.190593	790	0.649367	0.670000	0.388042	
784	0.664541	67	0.328358	149	0.986577	4.303305	784	0.664541	0.690000	0.388388	
769	0.659298	67	0.253731	164	0.987805	5.000000	769	0.659298	0.686000	0.388728	
771	0.649805	56	0.196429	173	0.994220	5.000000	771	0.649805	0.684000	0.389066	
774	0.648579	67	0.164179	159	0.993711	5.000000	774	0.648579	0.671000	0.389388	
767	0.621904	102	0.284314	131	1.000000	5.000000	767	0.621904	0.637000	0.389670	
761	0.649146	76	0.460526	163	0.981595	5.000000	761	0.649146	0.689000	0.390011	
763	0.453473	89	0.303371	148	0.831081	5.000000	763	0.453473	0.496000	0.390132	
774	0.556848	81	0.308642	145	0.944828	5.000000	774	0.556848	0.593000	0.390362	
746	0.624665	72	0.208333	182	0.901099	5.000000	746	0.624665	0.645000	0.390651	
748	0.601604	86	0.279070	166	0.921687	5.000000	748	0.601604	0.627000	0.390919	
740	0.663514	77	0.298701	183	0.972678	5.000000	740	0.663514	0.692000	0.391260	
763	0.646134	76	0.342105	161	0.981366	5.000000	763	0.646134	0.677000	0.391583	
792	0.637626	45	0.311111	163	0.963190	5.000000	792	0.637626	0.676000	0.391905	
776	0.644330	63	0.301587	161	0.962733	5.000000	776	0.644330	0.674000	0.392223	
760	0.469737	83	0.385542	157	0.859873	5.000000	760	0.469737	0.524000	0.392372	
736	0.604620	76	0.263158	188	0.968085	5.000000	736	0.604620	0.647000	0.392658	
768	0.200521	73	0.328767	159	0.559748	5.000000	768	0.200521	0.267000	0.392517	
620	0.225806	159	0.150943	221	0.886878	5.000000	620	0.225806	0.360000	0.392480	
680	0.192647	73	0.178082	247	0.991903	5.000000	680	0.192647	0.389000	0.392477	
673	0.175334	84	0.154762	243	0.983539	3.946705	673	0.175334	0.370000	0.392451	
698	0.236390	123	0.170732	179	1.000000	3.523163	698	0.236390	0.365000	0.392421	
684	0.213450	124	0.153226	192	0.994792	3.523163	684	0.213450	0.356000	0.392380	
709	0.235543	72	0.208333	219	0.986301	3.523163	709	0.235543	0.398000	0.392386	
708	0.251412	70	0.214286	222	0.995495	3.523163	708	0.251412	0.414000	0.392410	
705	0.211348	99	0.181818	196	1.000000	3.523163	705	0.211348	0.363000	0.392377	
708	0.216102	112	0.276786	180	1.000000	3.523163	708	0.216102	0.364000	0.392346	
735	0.201361	101	0.118812	164	0.993902	3.523163	735	0.201361	0.323000	0.392269	
738	0.199187	84	0.238095	178	1.000000	3.523163	738	0.199187	0.345000	0.392216	
713	0.259467	113	0.150442	174	1.000000	2.753385	713	0.259467	0.376000	0.392198	
713	0.319776	95	0.210526	192	1.000000	2.753385	713	0.319776	0.440000	0.392251	
717	0.241283	66	0.272727	217	1.000000	2.753385	717	0.241283	0.408000	0.392269	
707	0.250354	87	0.275862	206	0.990291	2.753385	707	0.250354	0.405000	0.392283	
726	0.254821	93	0.258065	181	1.000000	2.753385	726	0.254821	0.390000	0.392280	
729	0.201646	108	0.194444	163	1.000000	2.753385	729	0.201646	0.331000	0.392213	
715	0.229371	95	0.115789	190	1.000000	2.753385	715	0.229371	0.365000	0.392183	
697	0.230990	55	0.381818	248	1.000000	2.753385	697	0.230990	0.430000	0.392224	
713	0.238429	39	0.256410	248	1.000000	2.753385	713	0.238429	0.428000	0.392264	
699	0.203147	50	0.240000	251	1.000000	2.753385	699	0.203147	0.405000	0.392278	
768	0.205729	55	0.327273	177	1.000000	2.753385	768	0.205729	0.353000	0.392234	
738	0.258808	85	0.211765	177	1.000000	2.753385	738	0.258808	0.386000	0.392228	
681	0.239354	116	0.172414	203	1.000000	2.753385	681	0.239354	0.386000	0.392221	
709	0.246827	82	0.109756	209	1.000000	2.753385	709	0.246827	0.393000	0.392222	
718	0.201950	90	0.244444	192	1.000000	2.753385	718	0.201950	0.359000	0.392185	
723	0.254495	78	0.243590	199	1.000000	2.753385	723	0.254495	0.402000	0.392196	
708	0.271186	99	0.252525	193	1.000000	2.753385	708	0.271186	0.410000	0.392215	
728	0.211538	105	0.257143	167	1.000000	2.753385	728	0.211538	0.348000	0.392167	
718	0.238162	95	0.210526	187	1.000000	2.753385	718	0.238162	0.378000	0.392152	
691	0.225760	93	0.118280	216	1.000000	2.753385	691	0.225760	0.383000	0.392142	
732	0.277322	74	0.216216	194	1.000000	2.753385	732	0.277322	0.413000	0.392165	
698	0.272206	110	0.236364	192	1.000000	2.753385	698	0.272206	0.408000	0.392182	
718	0.285515	69	0.347826	213	1.000000	2.753385	718	0.285515	0.442000	0.392236	
719	0.290682	63	0.333333	218	1.000000	2.753385	719	0.290682	0.448000	0.392296	
719	0.207232	97	0.278351	184	0.994565	2.753385	719	0.207232	0.359000	0.392260	
641	0.268331	138	0.152174	221	1.000000	2.753385	641	0.268331	0.414000	0.392284	
712	0.219101	112	0.187500	176	1.000000	2.753385	712	0.219101	0.353000	0.392241	
724	0.236188	108	0.277778	168	0.994048	2.753385	724	0.236188	0.368000	0.392215	
710	0.276056	100	0.220000	190	0.994737	2.753385	710	0.276056	0.407000	0.392231	
687	0.275109	104	0.278846	209	0.995215	2.753385	687	0.275109	0.426000	0.392267	
675	0.268148	129	0.217054	196	1.000000	2.753385	675	0.268148	0.405000	0.392281	
711	0.263010	124	0.153226	165	1.000000	2.753385	711	0.263010	0.371000	0.392258	
730	0.219178	99	0.181818	171	1.000000	2.753385	730	0.219178	0.349000	0.392212	
740	0.224324	103	0.223301	157	1.000000	2.753385	740	0.224324	0.346000	0.392162	
715	0.282517	118	0.194915	167	1.000000	2.753385	715	0.282517	0.392000	0.392162	
760	0.218421	97	0.268041	143	0.993007	2.753385	760	0.218421	0.334000	0.392100	
735	0.553741	81	0.370370	184	0.983696	2.753385	735	0.553741	0.618000	0.392341	
781	0.686300	60	0.200000	159	1.000000	3.541713	781	0.686300	0.707000	0.392677	
732	0.684426	90	0.166667	178	0.943820	4.665235	732	0.684426	0.684000	0.392987	
802	0.568579	40	0.150000	158	0.873418	5.000000	802	0.568579	0.600000	0.393207	
756	0.621693	74	0.310811	170	1.000000	5.000000	756	0.621693	0.663000	0.393494	
777	0.625483	63	0.396825	160	0.981250	5.000000	777	0.625483	0.668000	0.393785	
766	0.620104	63	0.301587	171	0.959064	5.000000	766	0.620104	0.658000	0.394065	
803	0.636364	50	0.280000	147	1.000000	5.000000	803	0.636364	0.672000	0.394360	
756	0.630952	72	0.361111	172	0.988372	5.000000	756	0.630952	0.673000	0.394655	
717	0.608089	96	0.281250	187	0.994652	5.000000	717	0.608089	0.649000	0.394923	
746	0.626005	69	0.318841	185	0.978378	5.000000	746	0.626005	0.670000	0.395214	
739	0.473613	72	0.180556	189	0.978836	5.000000	739	0.473613	0.548000	0.395375	
688	0.202035	106	0.226415	206	0.917476	5.000000	688	0.202035	0.352000	0.395329	
725	0.230345	94	0.223404	181	0.950276	5.000000	725	0.230345	0.360000	0.395292	
744	0.361559	116	0.215517	140	1.000000	5.000000	744	0.361559	0.434000	0.395333	
670	0.170149	101	0.108911	229	1.000000	5.000000	670	0.170149	0.354000	0.395290	
760	0.710526	82	0.243902	158	1.000000	3.469842	760	0.710526	0.718000	0.395628	
771	0.684825	72	0.222222	157	0.987261	3.817155	771	0.684825	0.699000	0.395946	
759	0.504611	73	0.287671	168	0.880952	5.000000	759	0.504611	0.552000	0.396110	
770	0.357143	72	0.347222	158	0.632911	5.000000	770	0.357143	0.400000	0.396114	
651	0.281106	91	0.153846	258	1.000000	5.000000	651	0.281106	0.455000	0.396175	
795	0.607547	53	0.377358	152	0.973684	5.000000	795	0.607547	0.651000	0.396441	
683	0.316252	111	0.216216	206	0.961165	5.000000	683	0.316252	0.438000	0.396484	
785	0.625478	60	0.266667	155	0.929032	5.000000	785	0.625478	0.651000	0.396750	
772	0.611399	72	0.236111	156	0.974359	5.000000	772	0.611399	0.641000	0.397004	
771	0.660182	59	0.322034	170	0.941176	5.000000	771	0.660182	0.688000	0.397306	
787	0.649301	43	0.232558	170	0.976471	5.000000	787	0.649301	0.687000	0.397607	
729	0.626886	64	0.218750	207	0.995169	5.000000	729	0.626886	0.677000	0.397897	
778	0.654242	27	0.222222	195	1.000000	5.000000	778	0.654242	0.710000	0.398220	
771	0.629053	62	0.274194	167	0.994012	5.000000	771	0.629053	0.668000	0.398500	
743	0.601615	81	0.345679	176	0.994318	5.000000	743	0.601615	0.650000	0.398760	
709	0.471086	77	0.207792	214	0.976636	5.000000	709	0.471086	0.559000	0.398925	
767	0.633638	62	0.193548	171	0.976608	5.000000	767	0.633638	0.665000	0.399200	
800	0.582500	51	0.215686	149	0.859060	5.000000	800	0.582500	0.605000	0.399412	
763	0.618611	72	0.361111	165	1.000000	5.000000	763	0.618611	0.663000	0.399683	
677	0.527326	91	0.230769	232	0.926724	5.000000	677	0.527326	0.593000	0.399882	
740	0.383784	83	0.277108	177	0.954802	5.000000	740	0.383784	0.476000	0.399961	
786	0.311705	47	0.468085	167	0.395210	5.000000	786	0.311705	0.333000	0.399892	
742	0.494609	81	0.271605	177	0.858757	5.000000	742	0.494609	0.541000	0.400037	
751	0.624501	82	0.365854	167	0.988024	5.000000	751	0.624501	0.664000	0.400307	
762	0.649606	85	0.317647	153	1.000000	5.000000	762	0.649606	0.675000	0.400588	
739	0.638701	103	0.262136	158	0.924051	5.000000	739	0.638701	0.645000	0.400838	
737	0.622795	74	0.297297	189	0.984127	5.000000	737	0.622795	0.667000	0.401110	
740	0.631081	74	0.351351	186	0.983871	5.000000	740	0.631081	0.676000	0.401390	
761	0.636005	84	0.238095	155	0.987097	5.000000	761	0.636005	0.657000	0.401651	
765	0.583007	80	0.287500	155	0.993548	5.000000	765	0.583007	0.623000	0.401876	
800	0.567500	48	0.270833	152	0.927632	5.000000	800	0.567500	0.608000	0.402086	
733	0.574352	87	0.344828	180	0.972222	5.000000	733	0.574352	0.626000	0.402314	
756	0.293651	95	0.357895	149	0.590604	5.000000	756	0.293651	0.344000	0.402254	
777	0.167310	47	0.425532	176	0.352273	5.000000	777	0.167310	0.212000	0.402061	
685	0.210219	76	0.289474	239	0.907950	4.156222	685	0.210219	0.383000	0.402042	
784	0.691327	63	0.317460	153	0.967320	4.156222	784	0.691327	0.710000	0.402354	
773	0.618370	64	0.312500	163	0.907975	5.000000	773	0.618370	0.646000	0.402600	
745	0.597315	78	0.346154	177	0.943503	5.000000	745	0.597315	0.639000	0.402839	
804	0.640547	50	0.240000	146	0.993151	5.000000	804	0.640547	0.672000	0.403111	
780	0.641026	76	0.250000	144	0.972222	5.000000	780	0.641026	0.659000	0.403369	
756	0.261905	88	0.295455	156	0.544872	5.000000	756	0.261905	0.309000	0.403274	
736	0.187500	88	0.363636	176	0.522727	5.000000	736	0.187500	0.262000	0.403131	
783	0.164751	79	0.329114	138	0.565217	4.966625	783	0.164751	0.233000	0.402960	
765	0.269281	73	0.369863	162	0.543210	3.890627	765	0.269281	0.321000	0.402878	
765	0.547712	85	0.317647	150	0.740000	3.890627	765	0.547712	0.557000	0.403033	
761	0.250986	85	0.258824	154	0.668831	5.000000	761	0.250986	0.316000	0.402945	
729	0.385460	108	0.240741	163	0.815951	5.000000	729	0.385460	0.440000	0.402983	
761	0.583443	101	0.227723	138	0.978261	5.000000	761	0.583443	0.602000	0.403182	
793	0.511980	49	0.346939	158	0.879747	5.000000	793	0.511980	0.562000	0.403340	
773	0.560155	51	0.392157	176	0.846591	5.000000	773	0.560155	0.602000	0.403539	
780	0.598718	61	0.442623	159	0.918239	5.000000	780	0.598718	0.640000	0.403774	
768	0.645833	80	0.350000	152	0.993421	5.000000	768	0.645833	0.675000	0.404044	
728	0.329670	63	0.380952	209	0.669856	5.000000	728	0.329670	0.404000	0.404044	
780	0.500000	66	0.363636	154	0.818182	5.000000	780	0.500000	0.540000	0.404180	
535	0.205607	146	0.136986	319	0.896552	5.000000	535	0.205607	0.416000	0.404191	
689	0.172714	108	0.148148	203	0.980296	5.000000	689	0.172714	0.334000	0.404122	
691	0.415340	113	0.150442	196	0.994898	3.077498	691	0.415340	0.499000	0.404216	
740	0.670270	85	0.235294	175	0.977143	4.212638	740	0.670270	0.687000	0.404496	
