Rate	71.43
Rev Jump	14.29
Tree Move	14.29
Rate Tried	% Accepted	Rev Jump Tried	% Accepted	Tree Move Tried	% Accepted	Rates - Dev	Rates - Tried	Rates - Accepted	Sample Ave Acceptance	Total Ave Acceptance	
716	0.275140	104	0.153846	180	0.950000	4.269339	716	0.275140	0.384000	0.456777	
690	0.192754	100	0.210000	210	0.933333	4.269339	690	0.192754	0.350000	0.447879	
781	0.330346	53	0.264151	166	0.530120	2.316045	781	0.330346	0.360000	0.441120	
784	0.306122	76	0.131579	140	0.578571	2.316045	784	0.306122	0.331000	0.433255	
739	0.262517	109	0.137615	152	0.605263	2.316045	739	0.262517	0.301000	0.424438	
733	0.618008	101	0.356436	166	0.783133	2.316045	733	0.618008	0.619000	0.436598	
770	0.527273	82	0.280488	148	0.702703	2.851214	770	0.527273	0.533000	0.442268	
749	0.662216	90	0.211111	161	0.981366	5.000000	749	0.662216	0.673000	0.455086	
753	0.523240	67	0.343284	180	0.966667	5.000000	753	0.523240	0.591000	0.462239	
790	0.631646	42	0.166667	168	0.946429	5.000000	790	0.631646	0.665000	0.472376	
790	0.636709	59	0.254237	151	0.927152	5.000000	790	0.636709	0.658000	0.481215	
746	0.619303	94	0.191489	160	0.993750	5.000000	746	0.619303	0.639000	0.488387	
779	0.639281	53	0.113208	168	0.970238	5.000000	779	0.639281	0.667000	0.496152	
755	0.593377	73	0.260274	172	0.988372	5.000000	755	0.593377	0.637000	0.502021	
751	0.667111	81	0.086420	168	0.964286	5.000000	751	0.667111	0.670000	0.508740	
705	0.263830	98	0.153061	197	0.984772	5.000000	705	0.263830	0.395000	0.504365	
653	0.373660	106	0.169811	241	0.950207	5.000000	653	0.373660	0.491000	0.503870	
741	0.551957	72	0.513889	187	0.941176	5.000000	741	0.551957	0.622000	0.508089	
761	0.503285	63	0.253968	176	0.840909	5.000000	761	0.503285	0.547000	0.509431	
789	0.460076	67	0.313433	144	0.875000	5.000000	789	0.460076	0.510000	0.509450	
766	0.605744	62	0.241935	172	0.994186	5.000000	766	0.605744	0.650000	0.513983	
748	0.536096	71	0.366197	181	0.900552	5.000000	748	0.536096	0.590000	0.516359	
787	0.155019	59	0.288136	154	0.584416	5.000000	787	0.155019	0.229000	0.507651	
767	0.258149	84	0.214286	149	0.624161	3.067401	767	0.258149	0.309000	0.501809	
726	0.684573	87	0.206897	187	0.983957	3.067401	726	0.684573	0.699000	0.507443	
747	0.646586	87	0.183908	166	0.981928	5.000000	747	0.646586	0.662000	0.511736	
752	0.618351	89	0.168539	159	0.968553	5.000000	752	0.618351	0.634000	0.515040	
748	0.486631	93	0.225806	159	0.993711	5.000000	748	0.486631	0.543000	0.515776	
632	0.316456	154	0.103896	214	1.000000	5.000000	632	0.316456	0.430000	0.513577	
728	0.114011	95	0.115789	177	1.000000	5.000000	728	0.114011	0.271000	0.507512	
761	0.272011	59	0.152542	180	0.977778	3.410019	761	0.272011	0.392000	0.504695	
687	0.394469	145	0.248276	168	1.000000	3.410019	687	0.394469	0.475000	0.503988	
680	0.297059	114	0.184211	206	0.995146	3.410019	680	0.297059	0.428000	0.502221	
700	0.284286	137	0.116788	163	1.000000	3.410019	700	0.284286	0.378000	0.499398	
710	0.288732	109	0.165138	181	0.983425	3.410019	710	0.288732	0.401000	0.497211	
716	0.331006	115	0.156522	169	0.964497	3.410019	716	0.331006	0.418000	0.495489	
724	0.279006	108	0.148148	168	0.988095	3.410019	724	0.279006	0.384000	0.493117	
681	0.309838	109	0.183486	210	0.985714	3.410019	681	0.309838	0.438000	0.491969	
735	0.248980	71	0.211268	194	1.000000	3.410019	735	0.248980	0.392000	0.489929	
736	0.448370	107	0.168224	157	0.993631	3.410019	736	0.448370	0.504000	0.490210	
752	0.563830	73	0.342466	175	0.817143	3.632936	752	0.563830	0.592000	0.492206	
776	0.675258	74	0.391892	150	0.966667	3.818555	776	0.675258	0.698000	0.496164	
706	0.235127	116	0.241379	178	0.994382	5.000000	706	0.235127	0.371000	0.493802	
668	0.109281	114	0.219298	218	1.000000	5.000000	668	0.109281	0.316000	0.490509	
691	0.170767	91	0.252747	218	1.000000	4.822710	691	0.170767	0.359000	0.488118	
642	0.176012	124	0.104839	234	1.000000	4.409645	642	0.176012	0.360000	0.485831	
721	0.188627	101	0.336634	178	0.994382	3.569167	721	0.188627	0.347000	0.483395	
700	0.238571	81	0.333333	219	1.000000	3.116694	700	0.238571	0.413000	0.482181	
749	0.230975	84	0.250000	167	0.946108	3.116694	749	0.230975	0.352000	0.479975	
699	0.266094	80	0.250000	221	1.000000	3.116694	699	0.266094	0.427000	0.479092	
751	0.229028	76	0.302632	173	1.000000	3.116694	751	0.229028	0.368000	0.477271	
746	0.210456	72	0.333333	182	1.000000	3.116694	746	0.210456	0.363000	0.475428	
720	0.240278	70	0.285714	210	1.000000	3.116694	720	0.240278	0.403000	0.474278	
705	0.180142	112	0.214286	183	1.000000	3.116694	705	0.180142	0.334000	0.472086	
738	0.345528	102	0.196078	160	1.000000	1.948668	738	0.345528	0.435000	0.471516	
748	0.344920	103	0.126214	149	1.000000	1.948668	748	0.344920	0.420000	0.470735	
722	0.369806	123	0.162602	155	0.993548	1.948668	722	0.369806	0.441000	0.470291	
723	0.373444	121	0.123967	156	0.980769	1.948668	723	0.373444	0.438000	0.469817	
755	0.499338	86	0.244186	159	0.993711	1.948668	755	0.499338	0.556000	0.471066	
764	0.641361	88	0.306818	148	1.000000	2.890642	764	0.641361	0.665000	0.473836	
780	0.633333	75	0.320000	145	0.889655	3.134785	780	0.633333	0.647000	0.476275	
784	0.700255	69	0.275362	147	0.993197	3.712809	784	0.700255	0.714000	0.479577	
798	0.626566	64	0.296875	138	0.934783	5.000000	798	0.626566	0.648000	0.481884	
808	0.595297	30	0.233333	162	0.876543	5.000000	808	0.595297	0.630000	0.483885	
815	0.311656	44	0.250000	141	0.702128	5.000000	815	0.311656	0.364000	0.482287	
801	0.531835	54	0.351852	145	0.889655	5.000000	801	0.531835	0.574000	0.483494	
778	0.659383	65	0.353846	157	0.980892	5.000000	778	0.659383	0.690000	0.486176	
750	0.656000	88	0.306818	162	0.975309	5.000000	750	0.656000	0.677000	0.488622	
771	0.632944	80	0.225000	149	0.986577	5.000000	771	0.632944	0.653000	0.490703	
744	0.282258	78	0.269231	178	0.505618	5.000000	744	0.282258	0.321000	0.488581	
787	0.168996	60	0.250000	153	0.555556	5.000000	787	0.168996	0.233000	0.485426	
770	0.345455	82	0.195122	148	0.621622	2.890709	770	0.345455	0.374000	0.484067	
758	0.241425	93	0.193548	149	0.429530	2.890709	758	0.241425	0.265000	0.481428	
784	0.299745	68	0.338235	148	0.364865	2.890709	784	0.299745	0.312000	0.479411	
789	0.333333	73	0.301370	138	0.413043	2.890709	789	0.333333	0.342000	0.477794	
781	0.302177	75	0.293333	144	0.437500	2.890709	781	0.302177	0.321000	0.475971	
771	0.280156	77	0.246753	152	0.605263	2.890709	771	0.280156	0.327000	0.474259	
794	0.420655	65	0.276923	141	0.716312	2.890709	794	0.420655	0.453000	0.474017	
784	0.289541	68	0.338235	148	0.520270	4.697063	784	0.289541	0.327000	0.472365	
806	0.251861	39	0.333333	155	0.561290	4.697063	806	0.251861	0.303000	0.470484	
769	0.158648	78	0.333333	153	0.411765	4.697063	769	0.158648	0.211000	0.467632	
779	0.291399	61	0.262295	160	0.425000	2.736985	779	0.291399	0.311000	0.465930	
827	0.349456	33	0.363636	140	0.514286	2.736985	827	0.349456	0.373000	0.464930	
762	0.317585	90	0.255556	148	0.628378	2.736985	762	0.317585	0.358000	0.463793	
704	0.251420	114	0.228070	182	0.686813	2.736985	704	0.251420	0.328000	0.462364	
708	0.248588	95	0.242105	197	1.000000	2.736985	708	0.248588	0.396000	0.461672	
704	0.595170	109	0.275229	187	0.930481	2.736985	704	0.595170	0.623000	0.463335	
768	0.498698	63	0.317460	169	0.840237	5.000000	768	0.498698	0.545000	0.464169	
662	0.151057	91	0.164835	247	1.000000	5.000000	662	0.151057	0.362000	0.463137	
713	0.225806	111	0.153153	176	1.000000	2.661866	713	0.225806	0.354000	0.462045	
766	0.238903	51	0.274510	183	1.000000	2.661866	766	0.238903	0.380000	0.461233	
680	0.225000	114	0.175439	206	1.000000	2.661866	680	0.225000	0.379000	0.460427	
702	0.276353	109	0.174312	189	0.994709	2.661866	702	0.276353	0.401000	0.459850	
697	0.265423	126	0.150794	177	1.000000	2.661866	697	0.265423	0.381000	0.459092	
720	0.230556	94	0.212766	186	0.994624	2.661866	720	0.230556	0.371000	0.458253	
716	0.238827	124	0.169355	160	0.987500	2.661866	716	0.238827	0.350000	0.457232	
778	0.709512	60	0.366667	162	0.919753	2.661866	778	0.709512	0.723000	0.459715	
735	0.530612	78	0.294872	187	0.989305	4.493210	735	0.530612	0.598000	0.460996	
752	0.545213	78	0.358974	170	0.970588	4.745251	752	0.545213	0.603000	0.462299	
761	0.517740	82	0.268293	157	0.878981	5.000000	761	0.517740	0.554000	0.463132	
740	0.612162	75	0.333333	185	0.962162	5.000000	740	0.612162	0.656000	0.464870	
770	0.498701	79	0.253165	151	0.834437	5.000000	770	0.498701	0.530000	0.465451	
742	0.640162	80	0.262500	178	0.949438	5.000000	742	0.640162	0.665000	0.467217	
769	0.637191	83	0.240964	148	0.986486	5.000000	769	0.637191	0.656000	0.468873	
751	0.541944	63	0.428571	186	0.930108	5.000000	751	0.541944	0.607000	0.470074	
771	0.588846	66	0.272727	163	0.932515	5.000000	771	0.588846	0.624000	0.471401	
778	0.649100	97	0.247423	125	0.984000	5.000000	778	0.649100	0.652000	0.472945	
772	0.623057	48	0.270833	180	0.983333	5.000000	772	0.623057	0.671000	0.474623	
757	0.585205	72	0.319444	171	0.994152	5.000000	757	0.585205	0.636000	0.475979	
772	0.601036	46	0.239130	182	0.945055	5.000000	772	0.601036	0.647000	0.477404	
766	0.477807	57	0.192982	177	0.994350	5.000000	766	0.477807	0.553000	0.478029	
802	0.563591	48	0.291667	150	0.926667	5.000000	802	0.563591	0.605000	0.479070	
777	0.555985	69	0.289855	154	0.987013	5.000000	777	0.555985	0.604000	0.480086	
788	0.631980	64	0.265625	148	0.979730	5.000000	788	0.631980	0.660000	0.481536	
780	0.623077	60	0.416667	160	0.943750	5.000000	780	0.623077	0.662000	0.482980	
766	0.570496	49	0.244898	185	0.956757	5.000000	766	0.570496	0.626000	0.484115	
758	0.366755	71	0.253521	171	0.777778	5.000000	758	0.366755	0.429000	0.483681	
747	0.255689	75	0.293333	178	0.629213	5.000000	747	0.255689	0.325000	0.482442	
766	0.557441	80	0.300000	154	0.870130	5.000000	766	0.557441	0.585000	0.483237	
756	0.642857	85	0.423529	159	0.993711	5.000000	756	0.642857	0.680000	0.484750	
772	0.637306	79	0.278481	149	0.993289	5.000000	772	0.637306	0.662000	0.486103	
773	0.627426	73	0.191781	154	0.961039	5.000000	773	0.627426	0.647000	0.487322	
788	0.597716	70	0.214286	142	0.985915	5.000000	788	0.597716	0.626000	0.488365	
757	0.608983	83	0.301205	160	0.993750	5.000000	757	0.608983	0.645000	0.489534	
761	0.626807	62	0.467742	177	0.932203	5.000000	761	0.626807	0.671000	0.490878	
778	0.231362	64	0.375000	158	0.537975	5.000000	778	0.231362	0.289000	0.489393	
843	0.138790	21	0.142857	136	0.279412	5.000000	843	0.138790	0.158000	0.486975	
812	0.253695	17	0.176471	171	0.456140	3.362863	812	0.253695	0.287000	0.485525	
780	0.232051	42	0.142857	178	0.477528	3.362863	780	0.232051	0.272000	0.483989	
769	0.214564	91	0.208791	140	0.450000	3.362863	769	0.214564	0.247000	0.482297	
802	0.226933	54	0.259259	144	0.465278	3.362863	802	0.226933	0.263000	0.480741	
773	0.501940	74	0.378378	153	0.777778	3.362863	773	0.501940	0.535000	0.481123	
771	0.626459	65	0.200000	164	0.987805	4.344098	771	0.626459	0.658000	0.482360	
728	0.629121	82	0.182927	190	0.989474	4.732088	728	0.629121	0.661000	0.483601	
718	0.547354	113	0.309735	169	0.988166	5.000000	718	0.547354	0.595000	0.484369	
762	0.606299	76	0.289474	162	0.987654	5.000000	762	0.606299	0.644000	0.485462	
764	0.603403	91	0.395604	145	0.979310	5.000000	764	0.603403	0.639000	0.486507	
787	0.298602	66	0.212121	147	0.653061	5.000000	787	0.298602	0.345000	0.485551	
738	0.223577	88	0.272727	174	0.614943	5.000000	738	0.223577	0.296000	0.484279	
760	0.485526	79	0.253165	161	0.801242	5.000000	760	0.485526	0.518000	0.484503	
742	0.606469	76	0.210526	182	0.950549	5.000000	742	0.606469	0.639000	0.485527	
790	0.563291	50	0.220000	160	0.931250	5.000000	790	0.563291	0.605000	0.486313	
803	0.603985	57	0.456140	140	0.971429	5.000000	803	0.603985	0.647000	0.487363	
749	0.602136	71	0.309859	180	0.861111	5.000000	749	0.602136	0.628000	0.488276	
729	0.504801	65	0.261538	206	0.922330	5.000000	729	0.504801	0.575000	0.488836	
785	0.155414	62	0.209677	153	0.620915	5.000000	785	0.155414	0.230000	0.487176	
813	0.184502	51	0.294118	136	0.463235	3.605609	813	0.184502	0.228000	0.485526	
767	0.284224	97	0.298969	136	0.360294	2.729832	767	0.284224	0.296000	0.484326	
783	0.250319	73	0.287671	144	0.256944	2.729832	783	0.250319	0.254000	0.482877	
802	0.235661	50	0.200000	148	0.459459	2.729832	802	0.235661	0.267000	0.481528	
795	0.280503	68	0.308824	137	0.350365	2.729832	795	0.280503	0.292000	0.480351	
740	0.316216	80	0.312500	180	0.538889	2.729832	740	0.316216	0.356000	0.479583	
751	0.647137	84	0.226190	165	0.836364	2.729832	751	0.647137	0.643000	0.480586	
751	0.366178	77	0.363636	172	0.598837	4.985976	751	0.366178	0.406000	0.480131	
760	0.575000	72	0.222222	168	0.863095	4.985976	760	0.575000	0.598000	0.480846	
774	0.599483	71	0.225352	155	0.896774	5.000000	774	0.599483	0.619000	0.481678	
740	0.645946	85	0.317647	175	0.988571	5.000000	740	0.645946	0.678000	0.482853	
703	0.556188	116	0.293103	181	0.988950	5.000000	703	0.556188	0.604000	0.483575	
656	0.140244	97	0.134021	247	1.000000	5.000000	656	0.140244	0.352000	0.482796	
753	0.575033	75	0.266667	172	1.000000	4.103928	753	0.575033	0.625000	0.483632	
728	0.629121	92	0.250000	180	0.983333	5.000000	728	0.629121	0.658000	0.484652	
744	0.668011	89	0.348315	167	0.976048	5.000000	744	0.668011	0.691000	0.485852	
753	0.629482	77	0.155844	170	0.976471	5.000000	753	0.629482	0.652000	0.486812	
785	0.522293	73	0.260274	142	0.915493	5.000000	785	0.522293	0.559000	0.487227	
763	0.132372	92	0.206522	145	0.462069	5.000000	763	0.132372	0.187000	0.485512	
790	0.218987	77	0.259740	133	0.556391	3.540449	790	0.218987	0.267000	0.484270	
777	0.212355	77	0.272727	146	0.582192	3.540449	777	0.212355	0.271000	0.483065	
795	0.607547	56	0.303571	149	0.899329	3.540449	795	0.607547	0.634000	0.483913	
770	0.602597	84	0.273810	146	0.952055	5.000000	770	0.602597	0.626000	0.484707	
762	0.338583	104	0.250000	134	0.813433	5.000000	762	0.338583	0.393000	0.484197	
746	0.142091	91	0.307692	163	0.484663	5.000000	746	0.142091	0.213000	0.482699	
766	0.138381	64	0.281250	170	0.458824	4.405107	766	0.138381	0.202000	0.481157	
805	0.254658	48	0.437500	147	0.435374	2.753862	805	0.254658	0.290000	0.480112	
774	0.268734	77	0.363636	149	0.449664	2.753862	774	0.268734	0.303000	0.479150	
768	0.248698	74	0.378378	158	0.500000	2.753862	768	0.248698	0.298000	0.478170	
760	0.439474	74	0.310811	166	0.596386	2.753862	760	0.439474	0.456000	0.478051	
746	0.549598	89	0.235955	165	0.957576	5.000000	746	0.549598	0.589000	0.478644	
761	0.554534	59	0.338983	180	0.922222	5.000000	761	0.554534	0.608000	0.479333	
801	0.523096	64	0.359375	135	0.866667	5.000000	801	0.523096	0.559000	0.479754	
782	0.620205	56	0.410714	162	0.993827	5.000000	782	0.620205	0.669000	0.480750	
728	0.622253	88	0.284091	184	0.978261	5.000000	728	0.622253	0.658000	0.481678	
760	0.332895	69	0.318841	171	0.725146	5.000000	760	0.332895	0.399000	0.481247	
796	0.386935	58	0.258621	146	0.753425	5.000000	796	0.386935	0.433000	0.480998	
743	0.663526	84	0.321429	173	0.982659	5.000000	743	0.663526	0.690000	0.482075	
768	0.678385	61	0.393443	171	0.976608	5.000000	768	0.678385	0.712000	0.483254	
750	0.670667	71	0.309859	179	0.966480	5.000000	750	0.670667	0.698000	0.484350	
766	0.638381	69	0.260870	165	0.993939	5.000000	766	0.638381	0.671000	0.485297	
769	0.609883	71	0.267606	160	0.968750	5.000000	769	0.609883	0.643000	0.486094	
769	0.615085	76	0.302632	155	0.967742	5.000000	769	0.615085	0.646000	0.486897	
775	0.588387	77	0.220779	148	0.925676	5.000000	775	0.588387	0.610000	0.487513	
758	0.634565	75	0.253333	167	0.958084	5.000000	758	0.634565	0.660000	0.488371	
760	0.578947	55	0.272727	185	0.940541	5.000000	760	0.578947	0.629000	0.489067	
787	0.645489	67	0.313433	146	0.979452	5.000000	787	0.645489	0.672000	0.489968	
804	0.593284	32	0.218750	164	0.914634	5.000000	804	0.593284	0.634000	0.490674	
753	0.592297	71	0.295775	176	0.971591	5.000000	753	0.592297	0.638000	0.491393	
764	0.493455	65	0.400000	171	0.830409	5.000000	764	0.493455	0.545000	0.491653	
769	0.646294	78	0.307692	153	0.967320	5.000000	769	0.646294	0.669000	0.492510	
800	0.686250	70	0.285714	130	0.984615	5.000000	800	0.686250	0.697000	0.493493	
781	0.372599	60	0.216667	159	0.666667	5.000000	781	0.372599	0.410000	0.493093	
765	0.228758	58	0.362069	177	0.649718	5.000000	765	0.228758	0.311000	0.492226	
762	0.443570	80	0.262500	158	0.886076	5.000000	762	0.443570	0.499000	0.492258	
706	0.432011	126	0.198413	168	1.000000	5.000000	706	0.432011	0.498000	0.492285	
755	0.565563	99	0.232323	146	0.924658	5.000000	755	0.565563	0.585000	0.492721	
739	0.489851	97	0.288660	164	0.975610	5.000000	739	0.489851	0.550000	0.492988	
655	0.279389	107	0.224299	238	1.000000	5.000000	655	0.279389	0.445000	0.492765	
678	0.210914	147	0.115646	175	0.994286	5.000000	678	0.210914	0.334000	0.492030	
768	0.589844	71	0.239437	161	0.863354	5.000000	768	0.589844	0.609000	0.492569	
773	0.624838	75	0.253333	152	1.000000	5.000000	773	0.624838	0.654000	0.493310	
782	0.636829	71	0.309859	147	0.986395	5.000000	782	0.636829	0.665000	0.494094	
763	0.567497	66	0.333333	171	0.929825	5.000000	763	0.567497	0.614000	0.494639	
772	0.326425	57	0.280702	171	0.660819	5.000000	772	0.326425	0.381000	0.494124	
785	0.188535	60	0.283333	155	0.509677	5.000000	785	0.188535	0.244000	0.492998	
792	0.337121	57	0.368421	151	0.662252	4.804270	792	0.337121	0.388000	0.492527	
732	0.631148	84	0.297619	184	0.989130	4.804270	732	0.631148	0.669000	0.493315	
781	0.682458	60	0.383333	159	0.993711	5.000000	781	0.682458	0.714000	0.494296	
746	0.619303	91	0.296703	163	1.000000	5.000000	746	0.619303	0.652000	0.494993	
771	0.603113	85	0.305882	144	0.986111	5.000000	771	0.603113	0.633000	0.495601	
738	0.632791	96	0.375000	166	1.000000	5.000000	738	0.632791	0.669000	0.496362	
738	0.601626	74	0.297297	188	0.978723	5.000000	738	0.601626	0.650000	0.497033	
782	0.647059	72	0.333333	146	0.965753	5.000000	782	0.647059	0.671000	0.497789	
728	0.581044	94	0.372340	178	0.994382	5.000000	728	0.581044	0.635000	0.498383	
750	0.674667	79	0.189873	171	0.953216	5.000000	750	0.674667	0.684000	0.499183	
761	0.595269	93	0.258065	146	0.965753	5.000000	761	0.595269	0.618000	0.499693	
687	0.228530	128	0.210938	185	1.000000	5.000000	687	0.228530	0.369000	0.499135	
682	0.111437	121	0.223140	197	1.000000	5.000000	682	0.111437	0.300000	0.498287	
745	0.181208	82	0.170732	173	1.000000	3.268572	745	0.181208	0.322000	0.497540	
713	0.272090	108	0.194444	179	1.000000	2.643775	713	0.272090	0.394000	0.497103	
711	0.299578	54	0.259259	235	1.000000	2.643775	711	0.299578	0.462000	0.496956	
697	0.246772	82	0.219512	221	0.981900	2.643775	697	0.246772	0.407000	0.496580	
729	0.338820	44	0.272727	227	0.991189	2.643775	729	0.338820	0.484000	0.496527	
711	0.295359	98	0.265306	191	1.000000	2.643775	711	0.295359	0.427000	0.496239	
720	0.265278	104	0.201923	176	1.000000	2.643775	720	0.265278	0.388000	0.495791	
735	0.284354	119	0.100840	146	0.972603	2.643775	735	0.284354	0.363000	0.495245	
713	0.256662	122	0.106557	165	1.000000	2.643775	713	0.256662	0.361000	0.494695	
699	0.266094	127	0.062992	174	0.971264	2.643775	699	0.266094	0.363000	0.494157	
719	0.290682	111	0.045045	170	0.994118	2.643775	719	0.290682	0.383000	0.493705	
722	0.242382	106	0.066038	172	1.000000	2.643775	722	0.242382	0.354000	0.493140	
713	0.252454	98	0.061224	189	0.978836	2.643775	713	0.252454	0.371000	0.492647	
704	0.244318	132	0.068182	164	0.975610	2.643775	704	0.244318	0.341000	0.492038	
745	0.281879	89	0.146067	166	0.993976	2.643775	745	0.281879	0.388000	0.491622	
738	0.264228	91	0.109890	171	0.994152	2.643775	738	0.264228	0.375000	0.491157	
772	0.250000	84	0.107143	144	0.993056	2.643775	772	0.250000	0.345000	0.490577	
744	0.294355	77	0.142857	179	0.994413	2.643775	744	0.294355	0.408000	0.490251	
694	0.278098	124	0.104839	182	1.000000	2.643775	694	0.278098	0.388000	0.489848	
726	0.228650	131	0.167939	143	1.000000	2.643775	726	0.228650	0.331000	0.489226	
722	0.253463	120	0.091667	158	1.000000	2.643775	722	0.253463	0.352000	0.488689	
739	0.271989	88	0.159091	173	1.000000	2.643775	739	0.271989	0.388000	0.488298	
708	0.290960	97	0.288660	195	0.861538	2.643775	708	0.290960	0.402000	0.487963	
681	0.287812	106	0.216981	213	1.000000	2.643775	681	0.287812	0.432000	0.487747	
675	0.285926	86	0.255814	239	0.995816	2.643775	675	0.285926	0.453000	0.487614	
676	0.254438	100	0.340000	224	1.000000	2.643775	676	0.254438	0.430000	0.487393	
705	0.275177	109	0.220183	186	1.000000	2.643775	705	0.275177	0.404000	0.487074	
697	0.276901	97	0.257732	206	0.985437	2.643775	697	0.276901	0.421000	0.486823	
667	0.286357	84	0.285714	249	1.000000	2.643775	667	0.286357	0.464000	0.486737	
758	0.283641	74	0.310811	168	0.994048	2.643775	758	0.283641	0.405000	0.486428	
727	0.389271	74	0.216216	199	1.000000	2.643775	727	0.389271	0.498000	0.486472	
718	0.295265	106	0.198113	176	1.000000	2.643775	718	0.295265	0.409000	0.486182	
696	0.334770	88	0.329545	216	1.000000	2.643775	696	0.334770	0.478000	0.486151	
753	0.321381	73	0.301370	174	0.994253	2.643775	753	0.321381	0.437000	0.485968	
735	0.334694	93	0.236559	172	0.965116	2.643775	735	0.334694	0.434000	0.485776	
761	0.228647	74	0.189189	165	1.000000	2.643775	761	0.228647	0.353000	0.485286	
775	0.277419	60	0.300000	165	1.000000	2.643775	775	0.277419	0.398000	0.484965	
746	0.361930	49	0.306122	205	1.000000	2.643775	746	0.361930	0.490000	0.484984	
720	0.262500	96	0.291667	184	1.000000	2.643775	720	0.262500	0.401000	0.484677	
694	0.302594	120	0.158333	186	1.000000	2.643775	694	0.302594	0.415000	0.484424	
719	0.303199	103	0.213592	178	1.000000	2.643775	719	0.303199	0.418000	0.484183	
705	0.283688	118	0.203390	177	1.000000	2.643775	705	0.283688	0.401000	0.483883	
686	0.258017	141	0.198582	173	1.000000	2.643775	686	0.258017	0.378000	0.483502	
707	0.272984	80	0.325000	213	1.000000	2.643775	707	0.272984	0.432000	0.483317	
725	0.318621	91	0.208791	184	1.000000	2.643775	725	0.318621	0.434000	0.483141	
740	0.258108	101	0.207921	159	1.000000	2.643775	740	0.258108	0.371000	0.482742	
730	0.300000	84	0.166667	186	1.000000	2.643775	730	0.300000	0.419000	0.482516	
742	0.256065	62	0.145161	196	1.000000	2.643775	742	0.256065	0.395000	0.482207	
714	0.295518	115	0.147826	171	0.970760	2.643775	714	0.295518	0.394000	0.481896	
705	0.209929	59	0.271186	236	1.000000	2.643775	705	0.209929	0.400000	0.481609	
724	0.230663	104	0.134615	172	1.000000	2.643775	724	0.230663	0.353000	0.481159	
688	0.250000	153	0.084967	159	1.000000	2.643775	688	0.250000	0.344000	0.480681	
731	0.247606	103	0.271845	166	0.987952	2.643775	731	0.247606	0.373000	0.480307	
711	0.282700	85	0.211765	204	1.000000	2.643775	711	0.282700	0.423000	0.480109	
691	0.244573	100	0.190000	209	1.000000	2.643775	691	0.244573	0.397000	0.479822	
704	0.251420	113	0.106195	183	1.000000	2.643775	704	0.251420	0.372000	0.479452	
722	0.270083	82	0.353659	196	0.994898	2.643775	722	0.270083	0.419000	0.479245	
705	0.289362	69	0.333333	226	1.000000	2.643775	705	0.289362	0.453000	0.479155	
717	0.280335	121	0.165289	162	0.987654	2.643775	717	0.280335	0.381000	0.478822	
714	0.263305	99	0.262626	187	1.000000	2.643775	714	0.263305	0.401000	0.478558	
737	0.303935	87	0.218391	176	0.982955	2.643775	737	0.303935	0.416000	0.478346	
747	0.259705	93	0.150538	160	1.000000	2.643775	747	0.259705	0.368000	0.477975	
733	0.263302	74	0.283784	193	1.000000	2.643775	733	0.263302	0.407000	0.477737	
744	0.250000	110	0.218182	146	1.000000	2.643775	744	0.250000	0.356000	0.477330	
705	0.269504	89	0.258427	206	0.995146	2.643775	705	0.269504	0.418000	0.477132	
729	0.234568	106	0.226415	165	1.000000	2.643775	729	0.234568	0.360000	0.476743	
727	0.214580	120	0.125000	153	1.000000	2.643775	727	0.214580	0.324000	0.476237	
747	0.617135	89	0.179775	164	0.902439	2.643775	747	0.617135	0.625000	0.476728	
732	0.740437	91	0.318681	177	0.977401	2.955373	732	0.740437	0.744000	0.477607	
741	0.653171	95	0.252632	164	0.969512	4.680356	741	0.653171	0.667000	0.478228	
778	0.443445	88	0.329545	134	0.783582	5.000000	778	0.443445	0.479000	0.478230	
774	0.173127	65	0.292308	161	0.621118	5.000000	774	0.173127	0.253000	0.477497	
757	0.524439	86	0.279070	157	0.713376	3.352076	757	0.524439	0.533000	0.477677	
768	0.700521	60	0.266667	172	0.953488	3.539391	768	0.700521	0.718000	0.478455	
758	0.645119	77	0.285714	165	0.915152	5.000000	758	0.645119	0.662000	0.479047	
757	0.619551	58	0.258621	185	0.935135	5.000000	757	0.619551	0.657000	0.479619	
803	0.278954	34	0.147059	163	0.668712	5.000000	803	0.278954	0.338000	0.479165	
750	0.156000	88	0.295455	162	0.487654	5.000000	750	0.156000	0.222000	0.478344	
751	0.161119	84	0.440476	165	0.400000	4.746217	751	0.161119	0.224000	0.477534	
761	0.504599	72	0.388889	167	0.838323	4.483297	761	0.504599	0.552000	0.477770	
752	0.559840	62	0.274194	186	0.919355	5.000000	752	0.559840	0.609000	0.478185	
771	0.664073	76	0.276316	153	0.947712	5.000000	771	0.664073	0.678000	0.478816	
797	0.642409	60	0.233333	143	0.972028	5.000000	797	0.642409	0.665000	0.479401	
784	0.612245	78	0.256410	138	0.971014	5.000000	784	0.612245	0.634000	0.479886	
817	0.634027	25	0.320000	158	0.974684	5.000000	817	0.634027	0.680000	0.480511	
773	0.640362	67	0.253731	160	1.000000	5.000000	773	0.640362	0.672000	0.481108	
738	0.406504	85	0.282353	177	0.785311	5.000000	738	0.406504	0.463000	0.481051	
773	0.184994	79	0.265823	148	0.466216	5.000000	773	0.184994	0.233000	0.480283	
753	0.173971	102	0.235294	145	0.551724	4.756621	753	0.173971	0.235000	0.479526	
769	0.198960	74	0.256757	157	0.605096	3.625512	769	0.198960	0.267000	0.478872	
766	0.244125	68	0.323529	166	0.397590	2.960598	766	0.244125	0.275000	0.478247	
757	0.652576	88	0.318182	155	0.916129	2.960598	757	0.652576	0.664000	0.478815	
786	0.674300	54	0.333333	160	0.975000	4.121673	786	0.674300	0.704000	0.479502	
746	0.620643	57	0.210526	197	0.959391	5.000000	746	0.620643	0.664000	0.480062	
778	0.637532	69	0.391304	153	0.960784	5.000000	778	0.637532	0.670000	0.480638	
753	0.567065	71	0.295775	176	0.965909	5.000000	753	0.567065	0.618000	0.481053	
783	0.593870	54	0.277778	163	0.963190	5.000000	783	0.593870	0.637000	0.481523	
793	0.611602	48	0.229167	159	0.886792	5.000000	793	0.611602	0.637000	0.481990	
793	0.470366	67	0.223881	140	0.792857	5.000000	793	0.470366	0.499000	0.482040	
743	0.461642	80	0.375000	177	0.853107	5.000000	743	0.461642	0.524000	0.482166	
776	0.627577	60	0.250000	164	0.951220	5.000000	776	0.627577	0.658000	0.482689	
761	0.621551	74	0.364865	165	0.963636	5.000000	761	0.621551	0.659000	0.483212	
753	0.529880	72	0.250000	175	0.960000	5.000000	753	0.529880	0.585000	0.483513	
772	0.313472	65	0.338462	163	0.760736	5.000000	772	0.313472	0.388000	0.483232	
767	0.160365	74	0.364865	159	0.364780	5.000000	767	0.160365	0.208000	0.482422	
789	0.202788	54	0.185185	157	0.484076	3.756635	789	0.202788	0.246000	0.481729	
762	0.154856	77	0.311688	161	0.565217	3.756635	762	0.154856	0.233000	0.481002	
792	0.393939	74	0.310811	134	0.671642	3.726736	792	0.393939	0.425000	0.480838	
691	0.486252	97	0.164948	212	0.976415	3.726736	691	0.486252	0.559000	0.481065	
734	0.459128	109	0.330275	157	0.789809	5.000000	734	0.459128	0.497000	0.481112	
789	0.210393	45	0.311111	166	0.536145	5.000000	789	0.210393	0.269000	0.480499	
799	0.186483	57	0.245614	144	0.500000	5.000000	799	0.186483	0.235000	0.479791	
775	0.376774	72	0.291667	153	0.581699	2.944806	775	0.376774	0.402000	0.479568	
757	0.273448	94	0.393617	149	0.429530	2.944806	757	0.273448	0.308000	0.479076	
747	0.248996	70	0.214286	183	0.459016	2.944806	747	0.248996	0.285000	0.478521	
775	0.264516	62	0.435484	163	0.521472	2.944806	775	0.264516	0.317000	0.478061	
808	0.242574	36	0.361111	156	0.538462	2.944806	808	0.242574	0.293000	0.477536	
781	0.244558	51	0.333333	168	0.494048	2.944806	781	0.244558	0.291000	0.477007	
764	0.236911	79	0.392405	157	0.477707	2.944806	764	0.236911	0.287000	0.476470	
783	0.214559	58	0.431034	159	0.559748	2.944806	783	0.214559	0.282000	0.475923	
765	0.233987	66	0.378788	169	0.426036	2.944806	765	0.233987	0.276000	0.475361	
781	0.276569	78	0.333333	141	0.546099	2.944806	781	0.276569	0.319000	0.474923	
776	0.253866	78	0.320513	146	0.431507	2.944806	776	0.253866	0.285000	0.474393	
789	0.256020	75	0.360000	136	0.463235	2.944806	789	0.256020	0.292000	0.473884	
792	0.248737	44	0.409091	164	0.469512	2.944806	792	0.248737	0.292000	0.473379	
788	0.184010	61	0.245902	151	0.576159	2.944806	788	0.184010	0.247000	0.472752	
741	0.294197	63	0.333333	196	0.556122	2.347151	741	0.294197	0.348000	0.472408	
776	0.314433	56	0.375000	168	0.458333	2.347151	776	0.314433	0.342000	0.472048	
764	0.315445	62	0.403226	174	0.425287	2.347151	764	0.315445	0.340000	0.471686	
769	0.296489	60	0.350000	171	0.643275	2.347151	769	0.296489	0.359000	0.471377	
729	0.326475	60	0.466667	211	0.545024	2.347151	729	0.326475	0.381000	0.471130	
763	0.310616	73	0.342466	164	0.664634	2.347151	763	0.310616	0.371000	0.470857	
773	0.297542	76	0.315789	151	0.543046	2.347151	773	0.297542	0.336000	0.470491	
766	0.315927	68	0.426471	166	0.566265	2.347151	766	0.315927	0.365000	0.470205	
781	0.307298	46	0.478261	173	0.450867	2.347151	781	0.307298	0.340000	0.469853	
778	0.240360	30	0.233333	192	0.276042	2.347151	778	0.240360	0.247000	0.469252	
782	0.297954	51	0.333333	167	0.281437	2.347151	782	0.297954	0.297000	0.468789	
771	0.300908	59	0.389831	170	0.382353	2.347151	771	0.300908	0.320000	0.468390	
800	0.290000	45	0.422222	155	0.425806	2.347151	800	0.290000	0.317000	0.467985	
760	0.280263	58	0.448276	182	0.417582	2.347151	760	0.280263	0.315000	0.467577	
790	0.274684	59	0.305085	151	0.430464	2.347151	790	0.274684	0.300000	0.467132	
778	0.316195	56	0.392857	166	0.493976	2.347151	778	0.316195	0.350000	0.466821	
798	0.278195	30	0.333333	172	0.558140	2.347151	798	0.278195	0.328000	0.466454	
774	0.290698	57	0.543860	169	0.573964	2.347151	774	0.290698	0.353000	0.466154	
773	0.270375	59	0.355932	168	0.428571	2.347151	773	0.270375	0.302000	0.465722	
799	0.280350	50	0.460000	151	0.403974	2.347151	799	0.280350	0.308000	0.465308	
751	0.266312	71	0.309859	178	0.505618	2.347151	751	0.266312	0.312000	0.464907	
773	0.328590	60	0.333333	167	0.383234	2.347151	773	0.328590	0.338000	0.464576	
794	0.290932	48	0.520833	158	0.234177	2.347151	794	0.290932	0.293000	0.464129	
775	0.303226	65	0.430769	160	0.400000	2.347151	775	0.303226	0.327000	0.463773	
753	0.341301	89	0.359551	158	0.398734	2.347151	753	0.341301	0.352000	0.463483	
783	0.261814	58	0.448276	159	0.477987	2.347151	783	0.261814	0.307000	0.463079	
787	0.324015	49	0.448980	164	0.439024	2.347151	787	0.324015	0.349000	0.462785	
754	0.262599	61	0.393443	185	0.459459	2.347151	754	0.262599	0.307000	0.462384	
811	0.331689	42	0.238095	147	0.557823	2.347151	811	0.331689	0.361000	0.462124	
798	0.304511	47	0.425532	155	0.561290	2.347151	798	0.304511	0.350000	0.461838	
790	0.301266	42	0.357143	168	0.464286	2.347151	790	0.301266	0.331000	0.461504	
800	0.306250	58	0.431034	142	0.478873	2.347151	800	0.306250	0.338000	0.461190	
770	0.275325	77	0.389610	153	0.450980	2.347151	770	0.275325	0.311000	0.460808	
778	0.298201	53	0.433962	169	0.461538	2.347151	778	0.298201	0.333000	0.460485	
803	0.317559	54	0.351852	143	0.629371	2.347151	803	0.317559	0.364000	0.460241	
802	0.285536	65	0.430769	133	0.443609	2.347151	802	0.285536	0.316000	0.459878	
818	0.300733	43	0.325581	139	0.597122	2.347151	818	0.300733	0.343000	0.459584	
783	0.284802	58	0.310345	159	0.471698	2.347151	783	0.284802	0.316000	0.459224	
783	0.287356	56	0.392857	161	0.391304	2.347151	783	0.287356	0.310000	0.458851	
804	0.342040	64	0.343750	132	0.454545	2.347151	804	0.342040	0.357000	0.458597	
788	0.307107	51	0.431373	161	0.527950	2.347151	788	0.307107	0.349000	0.458325	
785	0.315924	67	0.253731	148	0.445946	2.347151	785	0.315924	0.331000	0.458009	
774	0.289406	103	0.291262	123	0.528455	2.347151	774	0.289406	0.319000	0.457665	
775	0.292903	78	0.346154	147	0.333333	2.347151	775	0.292903	0.303000	0.457283	
781	0.291933	60	0.350000	159	0.421384	2.347151	781	0.291933	0.316000	0.456935	
762	0.263780	80	0.275000	158	0.474684	2.347151	762	0.263780	0.298000	0.456544	
806	0.266749	32	0.312500	162	0.376543	2.347151	806	0.266749	0.286000	0.456126	
777	0.290862	45	0.311111	178	0.393258	2.347151	777	0.290862	0.310000	0.455769	
750	0.333333	69	0.507246	181	0.519337	2.347151	750	0.333333	0.379000	0.455582	
757	0.305152	69	0.376812	174	0.551724	2.347151	757	0.305152	0.353000	0.455332	
794	0.335013	40	0.500000	166	0.481928	2.347151	794	0.335013	0.366000	0.455115	
819	0.321123	28	0.250000	153	0.418301	2.347151	819	0.321123	0.334000	0.454822	
742	0.345013	67	0.388060	191	0.455497	2.347151	742	0.345013	0.369000	0.454615	
779	0.323492	72	0.250000	149	0.476510	2.347151	779	0.323492	0.341000	0.454341	
783	0.319285	45	0.288889	172	0.354651	2.347151	783	0.319285	0.324000	0.454028	
781	0.314981	53	0.301887	166	0.427711	2.347151	781	0.314981	0.333000	0.453738	
793	0.315259	47	0.191489	160	0.500000	2.347151	793	0.315259	0.339000	0.453463	
779	0.302953	47	0.468085	174	0.448276	2.347151	779	0.302953	0.336000	0.453183	
746	0.300268	55	0.454545	199	0.567839	2.347151	746	0.300268	0.362000	0.452966	
739	0.326116	67	0.373134	194	0.520619	2.347151	739	0.326116	0.367000	0.452761	
777	0.307593	61	0.426230	162	0.530864	2.347151	777	0.307593	0.351000	0.452520	
788	0.313452	38	0.578947	174	0.614943	2.347151	788	0.313452	0.376000	0.452339	
794	0.298489	54	0.462963	152	0.355263	2.347151	794	0.298489	0.316000	0.452018	
767	0.303781	71	0.450704	162	0.438272	2.347151	767	0.303781	0.336000	0.451745	
794	0.278338	48	0.541667	158	0.512658	2.347151	794	0.278338	0.328000	0.451454	
797	0.283563	19	0.210526	184	0.500000	2.347151	797	0.283563	0.322000	0.451151	
786	0.305344	31	0.258065	183	0.491803	2.347151	786	0.305344	0.338000	0.450887	
780	0.307692	60	0.316667	160	0.462500	2.347151	780	0.307692	0.333000	0.450612	
768	0.286458	59	0.406780	173	0.317919	2.347151	768	0.286458	0.299000	0.450259	
773	0.318241	69	0.347826	158	0.537975	2.347151	773	0.318241	0.355000	0.450038	
776	0.295103	67	0.358209	157	0.585987	2.347151	776	0.295103	0.345000	0.449795	
754	0.283820	55	0.345455	191	0.607330	2.347151	754	0.283820	0.349000	0.449562	
767	0.314211	73	0.342466	160	0.568750	2.347151	767	0.314211	0.357000	0.449349	
806	0.299007	41	0.317073	153	0.464052	2.347151	806	0.299007	0.325000	0.449063	
802	0.280549	31	0.322581	167	0.514970	2.347151	802	0.280549	0.321000	0.448770	
772	0.306995	60	0.466667	168	0.494048	2.347151	772	0.306995	0.348000	0.448539	
784	0.278061	49	0.346939	167	0.514970	2.347151	784	0.278061	0.321000	0.448248	
779	0.281130	59	0.271186	162	0.425926	2.347151	779	0.281130	0.304000	0.447919	
748	0.294118	76	0.368421	176	0.460227	2.347151	748	0.294118	0.329000	0.447649	
815	0.334969	35	0.200000	150	0.473333	2.347151	815	0.334969	0.351000	0.447430	
790	0.315190	48	0.166667	162	0.475309	2.347151	790	0.315190	0.334000	0.447173	
811	0.308261	35	0.200000	154	0.480519	2.347151	811	0.308261	0.331000	0.446911	
797	0.309912	49	0.224490	154	0.551948	2.347151	797	0.309912	0.343000	0.446677	
788	0.324873	57	0.403509	155	0.361290	2.347151	788	0.324873	0.335000	0.446426	
758	0.281003	64	0.375000	178	0.516854	2.347151	758	0.281003	0.329000	0.446163	
778	0.298201	56	0.464286	166	0.584337	2.347151	778	0.298201	0.355000	0.445959	
779	0.272144	70	0.328571	151	0.443709	2.347151	779	0.272144	0.302000	0.445637	
793	0.286255	51	0.313725	156	0.378205	2.347151	793	0.286255	0.302000	0.445317	
773	0.335058	59	0.491525	168	0.321429	2.347151	773	0.335058	0.342000	0.445088	
777	0.272844	52	0.365385	171	0.573099	2.347151	777	0.272844	0.329000	0.444830	
763	0.288336	45	0.422222	192	0.541667	2.347151	763	0.288336	0.343000	0.444605	
797	0.273526	61	0.508197	142	0.457746	2.347151	797	0.273526	0.314000	0.444317	
792	0.275253	53	0.490566	155	0.612903	2.347151	792	0.275253	0.339000	0.444085	
789	0.294043	48	0.333333	163	0.496933	2.347151	789	0.294043	0.329000	0.443832	
785	0.305732	62	0.419355	153	0.437908	2.347151	785	0.305732	0.333000	0.443589	
795	0.325786	60	0.450000	145	0.406897	2.347151	795	0.325786	0.345000	0.443373	
800	0.282500	44	0.386364	156	0.346154	2.347151	800	0.282500	0.297000	0.443054	
711	0.305204	95	0.242105	194	0.396907	2.347151	711	0.305204	0.317000	0.442779	
780	0.378205	82	0.182927	138	0.420290	2.347151	780	0.378205	0.368000	0.442616	
799	0.327910	65	0.246154	136	0.316176	2.347151	799	0.327910	0.321000	0.442353	
765	0.683660	79	0.215190	156	0.961538	2.347151	765	0.683660	0.690000	0.442889	
739	0.736130	96	0.208333	165	0.993939	3.506280	739	0.736130	0.728000	0.443504	
744	0.588710	66	0.196970	190	0.973684	5.000000	744	0.588710	0.636000	0.443919	
767	0.644068	68	0.294118	165	0.993939	5.000000	767	0.644068	0.678000	0.444423	
768	0.630208	50	0.340000	182	0.983516	5.000000	768	0.630208	0.680000	0.444928	
751	0.635153	68	0.308824	181	0.961326	5.000000	751	0.635153	0.672000	0.445414	
755	0.630464	49	0.367347	196	0.928571	5.000000	755	0.630464	0.676000	0.445907	
762	0.606299	56	0.285714	182	0.989011	5.000000	762	0.606299	0.658000	0.446359	
778	0.636247	79	0.291139	143	0.923077	5.000000	778	0.636247	0.650000	0.446793	
792	0.646465	60	0.266667	148	0.986486	5.000000	792	0.646465	0.674000	0.447275	
747	0.575636	65	0.230769	188	0.984043	5.000000	747	0.575636	0.630000	0.447662	
752	0.618351	70	0.328571	178	1.000000	5.000000	752	0.618351	0.666000	0.448124	
723	0.409405	85	0.364706	192	0.807292	5.000000	723	0.409405	0.482000	0.448195	
746	0.172922	79	0.253165	175	0.600000	5.000000	746	0.172922	0.254000	0.447786	
779	0.417202	63	0.285714	158	0.727848	4.251803	779	0.417202	0.458000	0.447808	
768	0.199219	84	0.321429	148	0.439189	5.000000	768	0.199219	0.245000	0.447383	
757	0.245707	89	0.370787	154	0.577922	3.489463	757	0.245707	0.308000	0.447091	
778	0.159383	53	0.415094	169	0.449704	3.489463	778	0.159383	0.222000	0.446621	
768	0.233073	44	0.431818	188	0.627660	3.036297	768	0.233073	0.316000	0.446349	
794	0.216625	43	0.441860	163	0.503067	3.036297	794	0.216625	0.273000	0.445989	
802	0.226933	51	0.274510	147	0.428571	3.036297	802	0.226933	0.259000	0.445601	
729	0.248285	70	0.428571	201	0.497512	3.036297	729	0.248285	0.311000	0.445322	
778	0.237789	55	0.400000	167	0.359281	3.036297	778	0.237789	0.267000	0.444954	
768	0.209635	52	0.480769	180	0.444444	3.036297	768	0.209635	0.266000	0.444585	
771	0.229572	56	0.285714	173	0.606936	3.036297	771	0.229572	0.298000	0.444283	
781	0.208707	67	0.313433	152	0.453947	3.036297	781	0.208707	0.253000	0.443890	
785	0.197452	59	0.338983	156	0.557692	3.036297	785	0.197452	0.262000	0.443518	
802	0.456359	57	0.421053	141	0.489362	1.605707	802	0.456359	0.459000	0.443549	
805	0.197516	29	0.448276	166	0.608434	3.200988	805	0.197516	0.273000	0.443201	
790	0.354430	34	0.382353	176	0.579545	1.842293	790	0.354430	0.395000	0.443103	
774	0.378553	62	0.483871	164	0.292683	1.842293	774	0.378553	0.371000	0.442956	
794	0.386650	54	0.333333	152	0.296053	1.842293	794	0.386650	0.370000	0.442808	
789	0.375158	64	0.375000	147	0.530612	1.842293	789	0.375158	0.398000	0.442718	
787	0.362135	62	0.403226	151	0.410596	1.842293	787	0.362135	0.372000	0.442575	
757	0.324967	80	0.412500	163	0.355828	1.842293	757	0.324967	0.337000	0.442362	
828	0.355072	30	0.266667	142	0.387324	1.842293	828	0.355072	0.357000	0.442190	
776	0.333763	47	0.255319	177	0.389831	1.842293	776	0.333763	0.340000	0.441985	
796	0.354271	49	0.326531	155	0.496774	1.842293	796	0.354271	0.375000	0.441851	
809	0.347342	62	0.322581	129	0.550388	1.842293	809	0.347342	0.372000	0.441711	
755	0.360265	65	0.323077	180	0.505556	1.842293	755	0.360265	0.384000	0.441596	
795	0.352201	58	0.500000	147	0.462585	1.842293	795	0.352201	0.377000	0.441467	
754	0.376658	63	0.317460	183	0.464481	1.842293	754	0.376658	0.389000	0.441363	
819	0.398046	25	0.480000	156	0.416667	1.842293	819	0.398046	0.403000	0.441287	
784	0.405612	68	0.411765	148	0.533784	1.842293	784	0.405612	0.425000	0.441255	
788	0.224619	61	0.409836	151	0.629139	3.100683	788	0.224619	0.297000	0.440969	
779	0.251605	77	0.350649	144	0.590278	3.100683	779	0.251605	0.308000	0.440707	
752	0.172872	87	0.310345	161	0.428571	3.100683	752	0.172872	0.226000	0.440285	
796	0.275126	34	0.470588	170	0.582353	2.467778	796	0.275126	0.334000	0.440076	
783	0.251596	68	0.323529	149	0.382550	2.467778	783	0.251596	0.276000	0.439754	
795	0.308176	56	0.428571	149	0.516779	2.467778	795	0.308176	0.346000	0.439571	
782	0.274936	66	0.181818	152	0.605263	2.467778	782	0.274936	0.319000	0.439335	
796	0.282663	60	0.483333	144	0.506944	2.467778	796	0.282663	0.327000	0.439116	
760	0.281579	64	0.421875	176	0.522727	2.467778	760	0.281579	0.333000	0.438910	
771	0.286641	61	0.344262	168	0.535714	2.467778	771	0.286641	0.332000	0.438702	
786	0.328244	60	0.300000	154	0.454545	2.467778	786	0.328244	0.346000	0.438522	
766	0.283290	65	0.369231	169	0.532544	2.467778	766	0.283290	0.331000	0.438314	
789	0.305450	67	0.313433	144	0.444444	2.467778	789	0.305450	0.326000	0.438098	
788	0.284264	52	0.423077	160	0.525000	2.467778	788	0.284264	0.330000	0.437889	
754	0.271883	61	0.278689	185	0.448649	2.467778	754	0.271883	0.305000	0.437634	
728	0.276099	88	0.363636	184	0.532609	2.467778	728	0.276099	0.331000	0.437429	
798	0.294486	40	0.225000	162	0.537037	2.467778	798	0.294486	0.331000	0.437225	
794	0.297229	42	0.333333	164	0.500000	2.467778	794	0.297229	0.332000	0.437024	
770	0.302597	58	0.310345	172	0.517442	2.467778	770	0.302597	0.340000	0.436839	
769	0.267880	67	0.208955	164	0.457317	2.467778	769	0.267880	0.295000	0.436569	
792	0.270202	51	0.411765	157	0.630573	2.467778	792	0.270202	0.334000	0.436374	
771	0.255512	52	0.423077	177	0.485876	2.467778	771	0.255512	0.305000	0.436124	
771	0.312581	68	0.529412	161	0.341615	2.467778	771	0.312581	0.332000	0.435927	
765	0.266667	57	0.368421	178	0.331461	2.467778	765	0.266667	0.284000	0.435640	
773	0.294955	57	0.526316	170	0.558824	2.467778	773	0.294955	0.353000	0.435484	
762	0.272966	56	0.500000	182	0.489011	2.467778	762	0.272966	0.325000	0.435276	
758	0.286280	35	0.342857	207	0.526570	2.467778	758	0.286280	0.338000	0.435093	
782	0.323529	59	0.322034	159	0.528302	2.467778	782	0.323529	0.356000	0.434945	
787	0.348158	65	0.261538	148	0.574324	2.467778	787	0.348158	0.376000	0.434834	
785	0.310828	50	0.480000	165	0.484848	2.467778	785	0.310828	0.348000	0.434672	
785	0.309554	47	0.319149	168	0.369048	2.467778	785	0.309554	0.320000	0.434458	
737	0.325645	68	0.352941	195	0.502564	2.467778	737	0.325645	0.362000	0.434323	
777	0.267696	63	0.365079	160	0.600000	2.467778	777	0.267696	0.327000	0.434124	
770	0.276623	58	0.310345	172	0.627907	2.467778	770	0.276623	0.339000	0.433947	
754	0.320955	80	0.362500	166	0.530120	2.467778	754	0.320955	0.359000	0.433808	
764	0.276178	83	0.265060	153	0.457516	2.467778	764	0.276178	0.303000	0.433567	
779	0.255456	58	0.275862	163	0.490798	2.467778	779	0.255456	0.295000	0.433311	
795	0.289308	41	0.317073	164	0.439024	2.467778	795	0.289308	0.315000	0.433093	
817	0.280294	35	0.428571	148	0.418919	2.467778	817	0.280294	0.306000	0.432859	
781	0.299616	63	0.269841	156	0.532051	2.467778	781	0.299616	0.334000	0.432678	
771	0.308690	62	0.483871	167	0.544910	2.467778	771	0.308690	0.359000	0.432543	
786	0.268448	63	0.349206	151	0.529801	2.467778	786	0.268448	0.313000	0.432325	
762	0.265092	81	0.259259	157	0.458599	2.467778	762	0.265092	0.295000	0.432074	
769	0.309493	68	0.397059	163	0.576687	2.467778	769	0.309493	0.359000	0.431941	
756	0.312169	83	0.301205	161	0.552795	2.467778	756	0.312169	0.350000	0.431792	
765	0.275817	71	0.295775	164	0.603659	2.467778	765	0.275817	0.331000	0.431609	
808	0.243812	60	0.133333	132	0.477273	2.467778	808	0.243812	0.268000	0.431313	
762	0.316273	95	0.263158	143	0.391608	2.467778	762	0.316273	0.322000	0.431115	
750	0.488000	84	0.273810	166	0.608434	2.467778	750	0.488000	0.490000	0.431221	
748	0.676471	80	0.250000	172	0.988372	3.883793	748	0.676471	0.696000	0.431698	
783	0.578544	57	0.368421	160	0.912500	4.935513	783	0.578544	0.620000	0.432037	
762	0.606299	63	0.269841	175	0.948571	5.000000	762	0.606299	0.645000	0.432419	
772	0.661917	70	0.228571	158	0.981013	5.000000	772	0.661917	0.682000	0.432867	
797	0.557089	66	0.242424	137	0.927007	5.000000	797	0.557089	0.587000	0.433142	
760	0.360526	58	0.206897	182	0.829670	5.000000	760	0.360526	0.437000	0.433149	
659	0.168437	114	0.131579	227	1.000000	5.000000	659	0.168437	0.353000	0.433006	
745	0.518121	96	0.166667	159	1.000000	4.025553	745	0.518121	0.561000	0.433234	
748	0.553476	87	0.356322	165	0.921212	5.000000	748	0.553476	0.597000	0.433525	
765	0.179085	87	0.287356	148	0.655405	5.000000	765	0.179085	0.259000	0.433216	
685	0.195620	158	0.126582	157	1.000000	3.274052	685	0.195620	0.311000	0.432999	
740	0.343243	123	0.130081	137	0.992701	2.582004	740	0.343243	0.406000	0.432952	
711	0.322082	133	0.112782	156	0.987179	2.582004	711	0.322082	0.398000	0.432890	
717	0.302650	124	0.153226	159	1.000000	2.582004	717	0.302650	0.395000	0.432823	
697	0.355811	112	0.214286	191	1.000000	2.582004	697	0.355811	0.463000	0.432876	
722	0.427978	119	0.184874	159	0.981132	2.582004	722	0.427978	0.487000	0.432971	
709	0.262341	135	0.214815	156	0.980769	3.092463	709	0.262341	0.368000	0.432857	
691	0.282200	123	0.154472	186	0.989247	3.092463	691	0.282200	0.398000	0.432796	
718	0.259053	125	0.112000	157	0.987261	3.092463	718	0.259053	0.355000	0.432661	
714	0.319328	116	0.077586	170	0.994118	3.092463	714	0.319328	0.406000	0.432614	
713	0.245442	114	0.070175	173	0.988439	3.092463	713	0.245442	0.354000	0.432478	
750	0.310667	86	0.197674	164	0.969512	3.092463	750	0.310667	0.409000	0.432437	
730	0.371233	83	0.204819	187	1.000000	3.092463	730	0.371233	0.475000	0.432511	
721	0.374480	71	0.225352	208	0.985577	3.092463	721	0.374480	0.491000	0.432612	
713	0.364656	119	0.176471	168	0.940476	3.092463	713	0.364656	0.439000	0.432623	
742	0.304582	82	0.170732	176	0.988636	3.092463	742	0.304582	0.414000	0.432591	
745	0.276510	114	0.122807	141	0.921986	3.092463	745	0.276510	0.350000	0.432448	
728	0.328297	76	0.210526	196	0.979592	3.092463	728	0.328297	0.447000	0.432473	
723	0.286307	90	0.244444	187	0.994652	3.092463	723	0.286307	0.415000	0.432444	
736	0.274457	83	0.228916	181	0.983425	3.092463	736	0.274457	0.399000	0.432386	
698	0.335244	110	0.172727	192	0.968750	3.092463	698	0.335244	0.439000	0.432398	
735	0.349660	97	0.175258	168	0.988095	3.092463	735	0.349660	0.440000	0.432411	
692	0.309249	130	0.200000	178	0.988764	3.092463	692	0.309249	0.416000	0.432383	
729	0.277092	122	0.147541	149	1.000000	3.092463	729	0.277092	0.369000	0.432275	
724	0.262431	128	0.117188	148	0.972973	3.092463	724	0.262431	0.349000	0.432133	
694	0.314121	117	0.145299	189	0.978836	3.092463	694	0.314121	0.420000	0.432113	
712	0.262640	108	0.175926	180	0.988889	3.092463	712	0.262640	0.384000	0.432031	
733	0.233288	67	0.223881	200	1.000000	3.092463	733	0.233288	0.386000	0.431954	
710	0.192958	50	0.160000	240	1.000000	3.092463	710	0.192958	0.385000	0.431874	
750	0.418667	67	0.313433	183	1.000000	1.671021	750	0.418667	0.518000	0.432019	
743	0.216689	52	0.211538	205	1.000000	3.187262	743	0.216689	0.377000	0.431927	
739	0.220568	62	0.274194	199	0.984925	3.187262	739	0.220568	0.376000	0.431833	
721	0.317614	70	0.285714	209	0.995215	3.187262	721	0.317614	0.457000	0.431875	
718	0.256267	93	0.193548	189	0.952381	3.187262	718	0.256267	0.382000	0.431792	
738	0.245257	69	0.376812	193	0.984456	3.187262	738	0.245257	0.397000	0.431734	
744	0.266129	68	0.294118	188	0.984043	3.187262	744	0.266129	0.403000	0.431686	
723	0.297372	59	0.305085	218	0.967890	3.187262	723	0.297372	0.444000	0.431706	
669	0.209268	83	0.313253	248	0.991935	3.187262	669	0.209268	0.412000	0.431674	
678	0.196165	95	0.347368	227	0.977974	3.187262	678	0.196165	0.388000	0.431601	
747	0.377510	102	0.225490	151	0.993377	1.614652	747	0.377510	0.455000	0.431640	
680	0.458824	96	0.218750	224	1.000000	1.614652	680	0.458824	0.557000	0.431847	
677	0.234860	93	0.193548	230	0.991304	2.777830	677	0.234860	0.405000	0.431803	
688	0.270349	116	0.129310	196	1.000000	2.777830	688	0.270349	0.397000	0.431746	
696	0.297414	89	0.202247	215	0.995349	2.777830	696	0.297414	0.439000	0.431758	
687	0.272198	118	0.169492	195	0.953846	2.777830	687	0.272198	0.393000	0.431694	
710	0.359155	91	0.252747	199	1.000000	2.777830	710	0.359155	0.477000	0.431768	
720	0.334722	86	0.313953	194	1.000000	2.777830	720	0.334722	0.462000	0.431818	
707	0.318246	76	0.289474	217	1.000000	2.777830	707	0.318246	0.464000	0.431870	
708	0.276836	106	0.188679	186	0.989247	2.777830	708	0.276836	0.400000	0.431818	
670	0.285075	97	0.319588	233	1.000000	2.777830	670	0.285075	0.455000	0.431856	
713	0.273492	132	0.143939	155	1.000000	2.777830	713	0.273492	0.369000	0.431754	
743	0.250336	115	0.104348	142	1.000000	2.777830	743	0.250336	0.340000	0.431605	
752	0.261968	83	0.228916	165	0.993939	2.777830	752	0.261968	0.380000	0.431521	
740	0.266216	94	0.202128	166	1.000000	2.777830	740	0.266216	0.382000	0.431441	
700	0.271429	105	0.209524	195	1.000000	2.777830	700	0.271429	0.407000	0.431402	
731	0.333789	91	0.208791	178	0.808989	2.777830	731	0.333789	0.407000	0.431362	
772	0.341969	68	0.352941	160	0.512500	2.777830	772	0.341969	0.370000	0.431263	
773	0.335058	60	0.383333	167	0.514970	2.777830	773	0.335058	0.368000	0.431162	
762	0.276903	80	0.262500	158	0.411392	2.777830	762	0.276903	0.297000	0.430946	
736	0.601902	88	0.329545	176	0.829545	2.777830	736	0.601902	0.618000	0.431246	
768	0.761719	64	0.359375	168	0.994048	2.927107	768	0.761719	0.775000	0.431796	
791	0.713021	60	0.366667	149	0.932886	3.047189	791	0.713021	0.725000	0.432264	
698	0.459885	70	0.328571	232	0.991379	4.413091	698	0.459885	0.574000	0.432491	
763	0.475754	86	0.244186	151	0.741722	5.000000	763	0.475754	0.496000	0.432592	
768	0.149740	86	0.372093	146	0.486301	5.000000	768	0.149740	0.218000	0.432251	
786	0.248092	58	0.293103	156	0.487179	3.260614	786	0.248092	0.288000	0.432022	
776	0.226804	58	0.517241	166	0.493976	3.260614	776	0.226804	0.288000	0.431793	
752	0.271277	60	0.316667	188	0.462766	3.260614	752	0.271277	0.310000	0.431601	
749	0.242991	70	0.385714	181	0.552486	3.260614	749	0.242991	0.309000	0.431407	
788	0.194162	48	0.375000	164	0.481707	3.260614	788	0.194162	0.250000	0.431121	
763	0.384010	54	0.500000	183	0.524590	1.809979	763	0.384010	0.416000	0.431097	
793	0.409836	54	0.407407	153	0.535948	1.809979	793	0.409836	0.429000	0.431094	
800	0.327500	53	0.320755	147	0.571429	2.235018	800	0.327500	0.363000	0.430987	
802	0.311721	47	0.361702	151	0.370861	2.235018	802	0.311721	0.323000	0.430818	
765	0.312418	53	0.358491	182	0.461538	2.235018	765	0.312418	0.342000	0.430679	
801	0.334582	45	0.400000	154	0.500000	2.235018	801	0.334582	0.363000	0.430573	
781	0.304738	49	0.408163	170	0.541176	2.235018	781	0.304738	0.350000	0.430447	
790	0.330380	64	0.375000	146	0.589041	2.235018	790	0.330380	0.371000	0.430354	
797	0.319950	64	0.375000	139	0.546763	2.235018	797	0.319950	0.355000	0.430237	
784	0.302296	47	0.319149	169	0.544379	2.235018	784	0.302296	0.344000	0.430103	
771	0.294423	43	0.558140	186	0.596774	2.235018	771	0.294423	0.362000	0.429998	
809	0.288010	17	0.411765	174	0.448276	2.235018	809	0.288010	0.318000	0.429824	
762	0.295276	77	0.363636	161	0.459627	2.235018	762	0.295276	0.327000	0.429665	
802	0.288030	35	0.371429	163	0.288344	2.235018	802	0.288030	0.291000	0.429451	
775	0.330323	65	0.476923	160	0.481250	2.235018	775	0.330323	0.364000	0.429351	
814	0.305897	32	0.343750	154	0.538961	2.235018	814	0.305897	0.343000	0.429218	
753	0.304117	78	0.346154	169	0.514793	2.235018	753	0.304117	0.343000	0.429085	
794	0.341310	78	0.358974	128	0.375000	2.235018	794	0.341310	0.347000	0.428959	
792	0.337121	69	0.463768	139	0.539568	2.235018	792	0.337121	0.374000	0.428875	
773	0.335058	62	0.467742	165	0.418182	2.235018	773	0.335058	0.357000	0.428765	
762	0.325459	69	0.362319	169	0.349112	2.235018	762	0.325459	0.332000	0.428618	
763	0.317169	89	0.314607	148	0.452703	2.235018	763	0.317169	0.337000	0.428478	
797	0.318695	59	0.389831	144	0.500000	2.235018	797	0.318695	0.349000	0.428357	
746	0.343164	84	0.404762	170	0.488235	2.235018	746	0.343164	0.373000	0.428273	
780	0.308974	57	0.263158	163	0.613497	2.235018	780	0.308974	0.356000	0.428163	
784	0.321429	60	0.450000	156	0.512821	2.235018	784	0.321429	0.359000	0.428058	
785	0.313376	64	0.484375	151	0.615894	2.235018	785	0.313376	0.370000	0.427971	
786	0.342239	74	0.324324	140	0.442857	2.235018	786	0.342239	0.355000	0.427860	
773	0.300129	91	0.340659	136	0.551471	2.235018	773	0.300129	0.338000	0.427725	
776	0.293814	65	0.461538	159	0.433962	2.235018	776	0.293814	0.327000	0.427573	
800	0.323750	38	0.289474	162	0.487654	2.235018	800	0.323750	0.349000	0.427455	
799	0.276596	20	0.600000	181	0.513812	2.235018	799	0.276596	0.326000	0.427303	
767	0.299870	53	0.396226	180	0.455556	2.235018	767	0.299870	0.333000	0.427161	
778	0.300771	59	0.559322	163	0.496933	2.235018	778	0.300771	0.348000	0.427043	
764	0.263089	80	0.487500	156	0.634615	2.235018	764	0.263089	0.339000	0.426911	
771	0.297017	55	0.345455	174	0.528736	2.235018	771	0.297017	0.340000	0.426781	
773	0.294955	43	0.441860	184	0.543478	2.235018	773	0.294955	0.347000	0.426663	
772	0.310881	55	0.309091	173	0.468208	2.235018	772	0.310881	0.338000	0.426531	
745	0.269799	66	0.378788	189	0.534392	2.235018	745	0.269799	0.327000	0.426383	
796	0.296482	33	0.424242	171	0.444444	2.235018	796	0.296482	0.326000	0.426234	
735	0.306122	48	0.458333	217	0.534562	2.235018	735	0.306122	0.363000	0.426140	
798	0.335840	52	0.384615	150	0.420000	2.235018	798	0.335840	0.351000	0.426029	
783	0.295019	72	0.361111	145	0.503448	2.235018	783	0.295019	0.330000	0.425887	
784	0.286990	52	0.326923	164	0.493902	2.235018	784	0.286990	0.323000	0.425735	
783	0.261814	58	0.258621	159	0.465409	2.235018	783	0.261814	0.294000	0.425541	
789	0.309252	45	0.422222	166	0.415663	2.235018	789	0.309252	0.332000	0.425404	
762	0.312336	66	0.439394	172	0.470930	2.235018	762	0.312336	0.348000	0.425290	
785	0.321019	31	0.387097	184	0.440217	2.235018	785	0.321019	0.345000	0.425172	
789	0.292776	51	0.274510	160	0.525000	2.235018	789	0.292776	0.329000	0.425032	
779	0.299101	55	0.363636	166	0.463855	2.235018	779	0.299101	0.330000	0.424893	
773	0.294955	41	0.341463	186	0.526882	2.235018	773	0.294955	0.340000	0.424769	
775	0.291613	48	0.395833	177	0.378531	2.235018	775	0.291613	0.312000	0.424604	
790	0.322785	47	0.446809	163	0.423313	2.235018	790	0.322785	0.345000	0.424488	
783	0.318008	53	0.490566	164	0.317073	2.235018	783	0.318008	0.327000	0.424347	
801	0.278402	64	0.437500	135	0.496296	2.235018	801	0.278402	0.318000	0.424192	
777	0.324324	59	0.372881	164	0.524390	2.235018	777	0.324324	0.360000	0.424099	
783	0.301405	54	0.407407	163	0.435583	2.235018	783	0.301405	0.329000	0.423962	
770	0.309091	50	0.340000	180	0.294444	2.235018	770	0.309091	0.308000	0.423794	
792	0.310606	63	0.333333	145	0.462069	2.235018	792	0.310606	0.334000	0.423665	
770	0.312987	78	0.243590	152	0.322368	2.235018	770	0.312987	0.309000	0.423499	
747	0.299866	96	0.270833	157	0.439490	2.235018	747	0.299866	0.319000	0.423349	
763	0.311927	88	0.227273	149	0.563758	2.235018	763	0.311927	0.342000	0.423232	
776	0.323454	68	0.279412	156	0.653846	2.235018	776	0.323454	0.372000	0.423159	
785	0.300637	64	0.281250	151	0.536424	2.235018	785	0.300637	0.335000	0.423032	
781	0.297055	83	0.192771	136	0.441176	2.235018	781	0.297055	0.308000	0.422868	
767	0.256845	85	0.211765	148	0.527027	2.235018	767	0.256845	0.293000	0.422682	
757	0.295905	88	0.454545	155	0.509677	2.235018	757	0.295905	0.343000	0.422569	
758	0.312665	53	0.433962	189	0.492063	2.235018	758	0.312665	0.353000	0.422469	
784	0.297194	54	0.314815	162	0.487654	2.235018	784	0.297194	0.329000	0.422337	
766	0.296345	69	0.347826	165	0.618182	2.235018	766	0.296345	0.353000	0.422238	
787	0.292249	63	0.412698	150	0.553333	2.235018	787	0.292249	0.339000	0.422120	
774	0.279070	59	0.457627	167	0.473054	2.235018	774	0.279070	0.322000	0.421978	
774	0.291990	60	0.400000	166	0.421687	2.235018	774	0.291990	0.320000	0.421834	
793	0.307692	47	0.468085	160	0.525000	2.235018	793	0.307692	0.350000	0.421732	
781	0.290653	59	0.271186	160	0.606250	2.235018	781	0.290653	0.340000	0.421617	
756	0.293651	80	0.312500	164	0.493902	2.235018	756	0.293651	0.328000	0.421485	
756	0.302910	69	0.318841	175	0.508571	2.235018	756	0.302910	0.340000	0.421371	
796	0.344221	49	0.346939	155	0.600000	2.235018	796	0.344221	0.384000	0.421318	
746	0.337802	79	0.379747	175	0.440000	2.235018	746	0.337802	0.359000	0.421231	
793	0.286255	48	0.333333	159	0.440252	2.235018	793	0.286255	0.313000	0.421079	
794	0.308564	46	0.413043	160	0.450000	2.235018	794	0.308564	0.336000	0.420960	
794	0.306045	45	0.288889	161	0.503106	2.235018	794	0.306045	0.337000	0.420843	
758	0.313984	63	0.222222	179	0.480447	2.235018	758	0.313984	0.338000	0.420727	
785	0.281529	59	0.440678	156	0.596154	2.235018	785	0.281529	0.340000	0.420615	
781	0.320102	82	0.463415	137	0.562044	2.235018	781	0.320102	0.365000	0.420538	
813	0.330873	38	0.368421	149	0.442953	2.235018	813	0.330873	0.349000	0.420438	
783	0.329502	67	0.373134	150	0.573333	2.235018	783	0.329502	0.369000	0.420367	
804	0.305970	59	0.372881	137	0.532847	2.235018	804	0.305970	0.341000	0.420257	
790	0.345570	56	0.392857	154	0.558442	2.235018	790	0.345570	0.381000	0.420203	
801	0.292135	42	0.452381	157	0.388535	2.235018	801	0.292135	0.314000	0.420056	
811	0.323058	51	0.313725	138	0.434783	2.235018	811	0.323058	0.338000	0.419943	
758	0.328496	40	0.425000	202	0.405941	2.235018	758	0.328496	0.348000	0.419844	
781	0.326504	60	0.383333	159	0.270440	2.235018	781	0.326504	0.321000	0.419708	
776	0.298969	57	0.333333	167	0.443114	2.235018	776	0.298969	0.325000	0.419578	
746	0.302949	86	0.360465	168	0.369048	2.235018	746	0.302949	0.319000	0.419440	
750	0.289333	83	0.313253	167	0.586826	2.235018	750	0.289333	0.341000	0.419332	
765	0.296732	81	0.308642	154	0.285714	2.235018	765	0.296732	0.296000	0.419164	
788	0.288071	55	0.290909	157	0.356688	2.235018	788	0.288071	0.299000	0.418999	
798	0.291980	46	0.391304	156	0.410256	2.235018	798	0.291980	0.315000	0.418858	
743	0.333782	45	0.511111	212	0.627358	2.235018	743	0.333782	0.404000	0.418837	
799	0.319149	59	0.322034	142	0.570423	2.235018	799	0.319149	0.355000	0.418750	
780	0.315385	74	0.351351	146	0.513699	2.235018	780	0.315385	0.347000	0.418653	
788	0.310914	47	0.361702	165	0.503030	2.235018	788	0.310914	0.345000	0.418553	
781	0.330346	70	0.285714	149	0.436242	2.235018	781	0.330346	0.343000	0.418451	
778	0.312339	55	0.400000	167	0.502994	2.235018	778	0.312339	0.349000	0.418357	
808	0.284653	46	0.413043	146	0.458904	2.235018	808	0.284653	0.316000	0.418218	
763	0.330275	65	0.292308	172	0.470930	2.235018	763	0.330275	0.352000	0.418129	
793	0.279950	52	0.538462	155	0.322581	2.235018	793	0.279950	0.300000	0.417970	
751	0.275632	64	0.281250	185	0.324324	2.235018	751	0.275632	0.285000	0.417791	
771	0.300908	57	0.333333	172	0.505814	2.235018	771	0.300908	0.338000	0.417684	
743	0.312248	78	0.358974	179	0.513966	2.235018	743	0.312248	0.352000	0.417595	
792	0.290404	57	0.210526	151	0.509934	2.235018	792	0.290404	0.319000	0.417463	
778	0.266067	66	0.318182	156	0.467949	2.235018	778	0.266067	0.301000	0.417307	
782	0.312020	63	0.412698	155	0.548387	2.235018	782	0.312020	0.355000	0.417224	
766	0.313316	80	0.400000	154	0.532468	2.235018	766	0.313316	0.354000	0.417140	
790	0.286076	41	0.463415	169	0.508876	2.235018	790	0.286076	0.331000	0.417025	
797	0.327478	57	0.368421	146	0.568493	2.235018	797	0.327478	0.365000	0.416956	
768	0.269531	64	0.421875	168	0.589286	2.235018	768	0.269531	0.333000	0.416844	
789	0.320659	60	0.450000	151	0.476821	2.235018	789	0.320659	0.352000	0.416758	
796	0.316583	49	0.326531	155	0.638710	2.235018	796	0.316583	0.367000	0.416692	
783	0.311622	63	0.349206	154	0.577922	2.235018	783	0.311622	0.355000	0.416610	
758	0.308707	80	0.350000	162	0.432099	2.235018	758	0.308707	0.332000	0.416498	
774	0.281654	35	0.371429	191	0.539267	2.235018	774	0.281654	0.334000	0.416389	
800	0.303750	36	0.305556	164	0.554878	2.235018	800	0.303750	0.345000	0.416295	
798	0.310777	46	0.413043	156	0.589744	2.235018	798	0.310777	0.359000	0.416219	
776	0.329897	64	0.343750	160	0.531250	2.235018	776	0.329897	0.363000	0.416149	
777	0.305019	65	0.353846	158	0.569620	2.235018	777	0.305019	0.350000	0.416063	
762	0.326772	87	0.252874	151	0.529801	2.235018	762	0.326772	0.351000	0.415977	
783	0.303959	81	0.395062	136	0.367647	2.235018	783	0.303959	0.320000	0.415851	
797	0.299875	50	0.400000	153	0.509804	2.235018	797	0.299875	0.337000	0.415748	
777	0.285714	71	0.366197	152	0.434211	2.235018	777	0.285714	0.314000	0.415615	
777	0.297297	87	0.206897	136	0.433824	2.235018	777	0.297297	0.308000	0.415475	
794	0.278338	47	0.404255	159	0.415094	2.235018	794	0.278338	0.306000	0.415332	
782	0.315857	60	0.433333	158	0.481013	2.235018	782	0.315857	0.349000	0.415246	
771	0.306096	71	0.309859	158	0.487342	2.235018	771	0.306096	0.335000	0.415141	
775	0.310968	67	0.358209	158	0.405063	2.235018	775	0.310968	0.329000	0.415029	
774	0.310078	55	0.381818	171	0.608187	2.235018	774	0.310078	0.365000	0.414964	
776	0.295103	87	0.356322	137	0.547445	2.235018	776	0.295103	0.335000	0.414861	
769	0.309493	70	0.471429	161	0.409938	2.235018	769	0.309493	0.337000	0.414760	
734	0.313351	81	0.395062	185	0.443243	2.235018	734	0.313351	0.344000	0.414669	
774	0.291990	59	0.338983	167	0.443114	2.235018	774	0.291990	0.320000	0.414547	
792	0.304293	51	0.450980	157	0.439490	2.235018	792	0.304293	0.333000	0.414441	
787	0.288437	53	0.377358	160	0.437500	2.235018	787	0.288437	0.317000	0.414316	
779	0.332478	52	0.423077	169	0.538462	2.235018	779	0.332478	0.372000	0.414262	
789	0.320659	56	0.321429	155	0.541935	2.235018	789	0.320659	0.355000	0.414186	
774	0.297158	56	0.482143	170	0.570588	2.235018	774	0.297158	0.354000	0.414108	
823	0.337789	43	0.395349	134	0.492537	2.235018	823	0.337789	0.361000	0.414040	
776	0.331186	65	0.415385	159	0.452830	2.235018	776	0.331186	0.356000	0.413966	
817	0.301102	31	0.516129	152	0.421053	2.235018	817	0.301102	0.326000	0.413854	
773	0.300129	69	0.362319	158	0.500000	2.235018	773	0.300129	0.336000	0.413755	
776	0.307990	68	0.470588	156	0.346154	2.235018	776	0.307990	0.325000	0.413642	
773	0.344114	57	0.315789	170	0.582353	2.235018	773	0.344114	0.383000	0.413603	
787	0.292249	45	0.555556	168	0.488095	2.235018	787	0.292249	0.337000	0.413505	
757	0.299868	78	0.358974	165	0.563636	2.235018	757	0.299868	0.348000	0.413422	
756	0.272487	88	0.386364	156	0.429487	2.235018	756	0.272487	0.307000	0.413287	
784	0.303571	45	0.288889	171	0.491228	2.235018	784	0.303571	0.335000	0.413188	
759	0.330698	79	0.430380	162	0.604938	2.235018	759	0.330698	0.383000	0.413150	
800	0.351250	46	0.434783	154	0.571429	2.235018	800	0.351250	0.389000	0.413119	
795	0.305660	83	0.313253	122	0.508197	2.235018	795	0.305660	0.331000	0.413016	
798	0.299499	50	0.420000	152	0.526316	2.235018	798	0.299499	0.340000	0.412924	
779	0.277279	54	0.333333	167	0.520958	2.235018	779	0.277279	0.321000	0.412808	
794	0.319899	54	0.407407	152	0.493421	2.235018	794	0.319899	0.351000	0.412731	
812	0.318966	17	0.235294	171	0.532164	2.235018	812	0.318966	0.354000	0.412657	
814	0.303440	49	0.448980	137	0.569343	2.235018	814	0.303440	0.347000	0.412575	
795	0.311950	50	0.360000	155	0.490323	2.235018	795	0.311950	0.342000	0.412486	
801	0.324594	48	0.312500	151	0.529801	2.235018	801	0.324594	0.355000	0.412414	
764	0.284031	35	0.228571	201	0.462687	2.235018	764	0.284031	0.318000	0.412297	
738	0.289973	57	0.228070	205	0.473171	2.235018	738	0.289973	0.324000	0.412187	
788	0.270305	46	0.478261	166	0.481928	2.235018	788	0.270305	0.315000	0.412065	
737	0.325645	69	0.246377	194	0.500000	2.235018	737	0.325645	0.354000	0.411993	
762	0.345144	79	0.265823	159	0.540881	2.235018	762	0.345144	0.370000	0.411941	
785	0.308280	60	0.466667	155	0.529032	2.235018	785	0.308280	0.352000	0.411867	
741	0.302294	82	0.292683	177	0.548023	2.235018	741	0.302294	0.345000	0.411784	
781	0.288092	55	0.418182	164	0.457317	2.235018	781	0.288092	0.323000	0.411674	
792	0.343434	51	0.392157	157	0.503185	2.235018	792	0.343434	0.371000	0.411624	
765	0.356863	76	0.289474	159	0.427673	2.235018	765	0.356863	0.363000	0.411564	
799	0.302879	46	0.304348	155	0.567742	2.235018	799	0.302879	0.344000	0.411480	
807	0.329616	19	0.000000	174	0.597701	2.235018	807	0.329616	0.370000	0.411429	
788	0.321066	64	0.343750	148	0.527027	2.235018	788	0.321066	0.353000	0.411357	
764	0.311518	62	0.532258	174	0.557471	2.235018	764	0.311518	0.368000	0.411304	
784	0.292092	69	0.376812	147	0.578231	2.235018	784	0.292092	0.340000	0.411217	
794	0.311083	50	0.400000	156	0.410256	2.235018	794	0.311083	0.331000	0.411118	
779	0.292683	54	0.370370	167	0.443114	2.235018	779	0.292683	0.322000	0.411009	
790	0.281013	56	0.392857	154	0.454545	2.235018	790	0.281013	0.314000	0.410891	
771	0.326848	70	0.400000	159	0.522013	2.235018	771	0.326848	0.363000	0.410832	
793	0.311475	68	0.411765	139	0.453237	2.235018	793	0.311475	0.338000	0.410743	
777	0.330759	58	0.310345	165	0.484848	2.235018	777	0.330759	0.355000	0.410676	
791	0.297092	54	0.481481	155	0.606452	2.235018	791	0.297092	0.355000	0.410608	
775	0.294194	58	0.465517	167	0.562874	2.235018	775	0.294194	0.349000	0.410533	
799	0.317897	65	0.415385	136	0.551471	2.235018	799	0.317897	0.356000	0.410467	
780	0.291026	79	0.316456	141	0.531915	2.235018	780	0.291026	0.327000	0.410366	
810	0.308642	29	0.172414	161	0.503106	2.235018	810	0.308642	0.336000	0.410276	
769	0.305592	66	0.454545	165	0.503030	2.235018	769	0.305592	0.348000	0.410200	
759	0.308300	68	0.338235	173	0.566474	2.235018	759	0.308300	0.355000	0.410134	
801	0.322097	51	0.215686	148	0.486486	2.235018	801	0.322097	0.341000	0.410050	
764	0.308901	65	0.400000	171	0.538012	2.235018	764	0.308901	0.354000	0.409983	
785	0.308280	36	0.527778	179	0.519553	2.235018	785	0.308280	0.354000	0.409915	
786	0.298982	61	0.311475	153	0.549020	2.235018	786	0.298982	0.338000	0.409829	
763	0.319790	60	0.266667	177	0.508475	2.235018	763	0.319790	0.350000	0.409757	
788	0.318528	72	0.402778	140	0.450000	2.235018	788	0.318528	0.343000	0.409677	
770	0.329870	60	0.300000	170	0.523529	2.235018	770	0.329870	0.361000	0.409619	
797	0.331242	50	0.300000	153	0.542484	2.235018	797	0.331242	0.362000	0.409562	
800	0.338750	33	0.303030	167	0.574850	2.235018	800	0.338750	0.377000	0.409523	
773	0.332471	61	0.393443	166	0.596386	2.235018	773	0.332471	0.380000	0.409488	
777	0.310167	64	0.375000	159	0.496855	2.235018	777	0.310167	0.344000	0.409410	
802	0.307980	42	0.500000	156	0.512821	2.235018	802	0.307980	0.348000	0.409336	
772	0.292746	70	0.442857	158	0.531646	2.235018	772	0.292746	0.341000	0.409255	
717	0.352859	59	0.389831	224	0.540179	2.235018	717	0.352859	0.397000	0.409241	
731	0.314637	52	0.288462	217	0.534562	2.235018	731	0.314637	0.361000	0.409183	
778	0.320051	81	0.296296	141	0.524823	2.235018	778	0.320051	0.347000	0.409110	
762	0.396325	86	0.337209	152	0.565789	2.235018	762	0.396325	0.417000	0.409119	
790	0.330380	58	0.172414	152	0.480263	2.235018	790	0.330380	0.344000	0.409042	
772	0.360104	81	0.308642	147	0.455782	2.235018	772	0.360104	0.370000	0.408996	
734	0.332425	101	0.217822	165	0.436364	2.235018	734	0.332425	0.338000	0.408912	
731	0.801642	103	0.271845	166	0.927711	2.235018	731	0.801642	0.768000	0.409335	
763	0.293578	76	0.289474	161	0.515528	3.207350	763	0.293578	0.329000	0.409241	
772	0.260363	58	0.258621	170	0.464706	3.207350	772	0.260363	0.295000	0.409106	
794	0.244332	55	0.381818	151	0.483444	3.207350	794	0.244332	0.288000	0.408964	
765	0.308497	80	0.387500	155	0.522581	3.207350	765	0.308497	0.348000	0.408893	
748	0.208556	79	0.227848	173	0.485549	3.207350	748	0.208556	0.258000	0.408716	
738	0.196477	92	0.271739	170	0.452941	3.207350	738	0.196477	0.247000	0.408527	
757	0.532365	70	0.185714	173	0.630058	2.784840	757	0.532365	0.525000	0.408663	
755	0.732450	74	0.297297	171	0.959064	3.217841	755	0.732450	0.739000	0.409049	
758	0.651715	83	0.265060	159	0.968553	5.000000	758	0.651715	0.670000	0.409353	
763	0.644823	79	0.139241	158	0.968354	5.000000	763	0.644823	0.656000	0.409640	
780	0.611538	62	0.225806	158	0.993671	5.000000	780	0.611538	0.648000	0.409917	
609	0.213465	100	0.320000	291	1.000000	5.000000	609	0.213465	0.453000	0.409967	
726	0.235537	108	0.250000	166	0.873494	5.000000	726	0.235537	0.343000	0.409889	
777	0.200772	75	0.280000	148	0.506757	5.000000	777	0.200772	0.252000	0.409706	
785	0.164331	62	0.290323	153	0.470588	5.000000	785	0.164331	0.219000	0.409486	
781	0.265045	69	0.260870	150	0.426667	3.655267	781	0.265045	0.289000	0.409346	
784	0.183673	61	0.229508	155	0.393548	3.655267	784	0.183673	0.219000	0.409127	
784	0.321429	63	0.285714	153	0.450980	2.385050	784	0.321429	0.339000	0.409046	
807	0.329616	23	0.347826	170	0.364706	2.385050	807	0.329616	0.336000	0.408962	
833	0.346939	11	0.363636	156	0.416667	2.385050	833	0.346939	0.358000	0.408903	
770	0.293506	72	0.361111	158	0.588608	2.385050	770	0.293506	0.345000	0.408829	
778	0.305913	57	0.298246	165	0.339394	2.385050	778	0.305913	0.311000	0.408717	
781	0.293214	60	0.166667	159	0.358491	2.385050	781	0.293214	0.296000	0.408588	
789	0.291508	51	0.392157	160	0.456250	2.385050	789	0.291508	0.323000	0.408490	
771	0.337224	76	0.342105	153	0.307190	2.385050	771	0.337224	0.333000	0.408403	
765	0.264052	63	0.365079	172	0.465116	2.385050	765	0.264052	0.305000	0.408285	
790	0.303797	53	0.415094	157	0.541401	2.385050	790	0.303797	0.347000	0.408215	
768	0.325521	56	0.232143	176	0.471591	2.385050	768	0.325521	0.346000	0.408144	
749	0.267023	88	0.352273	163	0.490798	2.385050	749	0.267023	0.311000	0.408034	
803	0.267746	65	0.338462	132	0.424242	2.385050	803	0.267746	0.293000	0.407903	
782	0.282609	66	0.363636	152	0.513158	2.385050	782	0.282609	0.323000	0.407806	
746	0.310992	87	0.367816	167	0.508982	2.385050	746	0.310992	0.349000	0.407740	
793	0.287516	55	0.327273	152	0.361842	2.385050	793	0.287516	0.301000	0.407619	
776	0.279639	77	0.272727	147	0.605442	2.385050	776	0.279639	0.327000	0.407527	
760	0.264474	61	0.459016	179	0.636872	2.385050	760	0.264474	0.343000	0.407454	
783	0.318008	65	0.369231	152	0.546053	2.385050	783	0.318008	0.356000	0.407396	
783	0.303959	69	0.333333	148	0.337838	2.385050	783	0.303959	0.311000	0.407287	
791	0.281922	52	0.307692	157	0.592357	2.385050	791	0.281922	0.332000	0.407202	
805	0.308075	24	0.458333	171	0.555556	2.385050	805	0.308075	0.354000	0.407143	
801	0.298377	34	0.205882	165	0.490909	2.385050	801	0.298377	0.327000	0.407052	
793	0.266078	67	0.298507	140	0.342857	2.385050	793	0.266078	0.279000	0.406909	
761	0.298292	75	0.320000	164	0.469512	2.385050	761	0.298292	0.328000	0.406820	
790	0.268354	70	0.200000	140	0.428571	2.385050	790	0.268354	0.286000	0.406685	
779	0.300385	52	0.442308	169	0.491124	2.385050	779	0.300385	0.340000	0.406610	
774	0.280362	74	0.391892	152	0.407895	2.385050	774	0.280362	0.308000	0.406500	
769	0.270481	82	0.317073	149	0.483221	2.385050	769	0.270481	0.306000	0.406387	
768	0.281250	77	0.376623	155	0.509677	2.385050	768	0.281250	0.324000	0.406295	
773	0.288486	76	0.328947	151	0.549669	2.385050	773	0.288486	0.331000	0.406211	
816	0.313725	43	0.441860	141	0.517730	2.385050	816	0.313725	0.348000	0.406147	
783	0.298851	65	0.446154	152	0.493421	2.385050	783	0.298851	0.338000	0.406071	
785	0.314650	48	0.437500	167	0.604790	2.385050	785	0.314650	0.369000	0.406030	
787	0.339263	61	0.409836	152	0.638158	2.385050	787	0.339263	0.389000	0.406011	
794	0.274559	53	0.301887	153	0.450980	2.385050	794	0.274559	0.303000	0.405896	
779	0.293967	73	0.301370	148	0.587838	2.385050	779	0.293967	0.338000	0.405821	
778	0.296915	62	0.467742	160	0.412500	2.385050	778	0.296915	0.326000	0.405733	
764	0.308901	48	0.312500	188	0.510638	2.385050	764	0.308901	0.347000	0.405668	
798	0.273183	58	0.379310	144	0.500000	2.385050	798	0.273183	0.312000	0.405565	
789	0.257288	58	0.344828	153	0.588235	2.385050	789	0.257288	0.313000	0.405463	
766	0.284595	61	0.409836	173	0.462428	2.385050	766	0.284595	0.323000	0.405372	
791	0.292035	48	0.250000	161	0.465839	2.385050	791	0.292035	0.318000	0.405276	
786	0.286260	59	0.372881	155	0.393548	2.385050	786	0.286260	0.308000	0.405169	
766	0.261097	65	0.369231	169	0.443787	2.385050	766	0.261097	0.299000	0.405052	
810	0.313580	48	0.312500	142	0.401408	2.385050	810	0.313580	0.326000	0.404966	
776	0.280928	63	0.412698	161	0.440994	2.385050	776	0.280928	0.315000	0.404867	
754	0.336870	46	0.195652	200	0.475000	2.385050	754	0.336870	0.358000	0.404816	
750	0.341333	69	0.333333	181	0.386740	2.385050	750	0.341333	0.349000	0.404755	
768	0.305990	52	0.230769	180	0.455556	2.385050	768	0.305990	0.329000	0.404672	
776	0.296392	66	0.378788	158	0.436709	2.385050	776	0.296392	0.324000	0.404584	
777	0.287001	49	0.244898	174	0.419540	2.385050	777	0.287001	0.308000	0.404479	
758	0.278364	85	0.270588	157	0.375796	2.385050	758	0.278364	0.293000	0.404358	
797	0.314931	59	0.271186	144	0.527778	2.385050	797	0.314931	0.343000	0.404291	
793	0.641866	26	0.153846	181	0.834254	2.385050	793	0.641866	0.664000	0.404573	
771	0.395590	48	0.291667	181	0.480663	2.387879	771	0.395590	0.406000	0.404574	
737	0.502035	93	0.301075	170	0.788235	2.387879	737	0.502035	0.532000	0.404712	
748	0.675134	75	0.226667	177	0.971751	3.891833	748	0.675134	0.694000	0.405026	
803	0.620174	40	0.125000	157	0.949045	5.000000	803	0.620174	0.652000	0.405293	
782	0.634271	60	0.250000	158	0.949367	5.000000	782	0.634271	0.661000	0.405569	
770	0.615584	74	0.364865	156	0.955128	5.000000	770	0.615584	0.650000	0.405832	
776	0.600515	66	0.409091	158	1.000000	5.000000	776	0.600515	0.651000	0.406097	
752	0.562500	95	0.231579	153	0.993464	5.000000	752	0.562500	0.597000	0.406302	
776	0.609536	78	0.333333	146	0.993151	5.000000	776	0.609536	0.644000	0.406558	
774	0.629199	78	0.307692	148	0.993243	5.000000	774	0.629199	0.658000	0.406828	
773	0.658473	61	0.213115	166	0.915663	5.000000	773	0.658473	0.674000	0.407114	
776	0.649485	35	0.142857	189	0.973545	5.000000	776	0.649485	0.693000	0.407421	
797	0.652447	49	0.102041	154	1.000000	5.000000	797	0.652447	0.679000	0.407712	
765	0.584314	56	0.303571	179	0.960894	5.000000	765	0.584314	0.636000	0.407956	
687	0.229985	75	0.360000	238	1.000000	5.000000	687	0.229985	0.423000	0.407972	
438	0.237443	100	0.160000	462	1.000000	5.000000	438	0.237443	0.582000	0.408158	
756	0.628307	79	0.316456	165	0.987879	5.000000	756	0.628307	0.663000	0.408429	
755	0.634437	66	0.136364	179	0.977654	5.000000	755	0.634437	0.663000	0.408700	
718	0.622563	59	0.389831	223	0.986547	5.000000	718	0.622563	0.690000	0.409000	
781	0.367478	59	0.322034	160	0.662500	5.000000	781	0.367478	0.412000	0.409003	
774	0.157623	81	0.407407	145	0.310345	5.000000	774	0.157623	0.200000	0.408781	
784	0.359694	62	0.209677	154	0.610390	3.232946	784	0.359694	0.389000	0.408760	
759	0.707510	81	0.407407	160	0.993750	3.232946	759	0.707510	0.729000	0.409099	
773	0.666235	64	0.265625	163	0.975460	4.337182	773	0.666235	0.691000	0.409397	
755	0.655629	62	0.370968	183	0.983607	5.000000	755	0.655629	0.698000	0.409703	
780	0.625641	71	0.154930	149	0.973154	5.000000	780	0.625641	0.644000	0.409950	
769	0.637191	75	0.386667	156	0.948718	5.000000	769	0.637191	0.667000	0.410221	
781	0.650448	59	0.338983	160	0.968750	5.000000	781	0.650448	0.683000	0.410509	
750	0.602667	72	0.319444	178	0.938202	5.000000	750	0.602667	0.642000	0.410752	
714	0.616246	87	0.264368	199	0.974874	5.000000	714	0.616246	0.657000	0.411011	
748	0.606952	62	0.322581	190	0.973684	5.000000	748	0.606952	0.659000	0.411272	
768	0.621094	65	0.246154	167	0.940120	5.000000	768	0.621094	0.650000	0.411522	
757	0.640687	77	0.376623	166	1.000000	5.000000	757	0.640687	0.680000	0.411804	
730	0.613699	89	0.314607	181	0.988950	5.000000	730	0.613699	0.655000	0.412058	
645	0.339535	129	0.155039	226	0.977876	5.000000	645	0.339535	0.460000	0.412108	
693	0.432900	92	0.304348	215	1.000000	5.000000	693	0.432900	0.543000	0.412245	
763	0.564875	75	0.333333	162	0.962963	5.000000	763	0.564875	0.612000	0.412454	
739	0.504736	92	0.304348	169	0.869822	5.000000	739	0.504736	0.548000	0.412595	
747	0.397590	89	0.325843	164	0.713415	5.000000	747	0.397590	0.443000	0.412627	
756	0.437831	75	0.266667	169	0.970414	5.000000	756	0.437831	0.515000	0.412733	
785	0.643312	45	0.266667	170	0.976471	5.000000	785	0.643312	0.683000	0.413014	
753	0.605578	69	0.231884	178	0.955056	5.000000	753	0.605578	0.642000	0.413252	
787	0.640407	62	0.177419	151	0.986755	5.000000	787	0.640407	0.664000	0.413512	
782	0.617647	60	0.233333	158	0.987342	5.000000	782	0.617647	0.653000	0.413760	
756	0.607143	72	0.305556	172	0.994186	5.000000	756	0.607143	0.652000	0.414007	
715	0.591608	82	0.317073	203	0.995074	5.000000	715	0.591608	0.651000	0.414252	
739	0.627876	90	0.322222	171	0.964912	5.000000	739	0.627876	0.658000	0.414504	
762	0.633858	62	0.306452	176	0.960227	5.000000	762	0.633858	0.671000	0.414768	
757	0.620872	80	0.350000	163	0.981595	5.000000	757	0.620872	0.658000	0.415019	
766	0.467363	74	0.337838	160	0.793750	5.000000	766	0.467363	0.510000	0.415117	
795	0.138365	61	0.360656	144	0.381944	5.000000	795	0.138365	0.187000	0.414882	
763	0.224115	72	0.333333	165	0.593939	4.754464	763	0.224115	0.293000	0.414757	
751	0.199734	79	0.354430	170	0.494118	4.754464	751	0.199734	0.262000	0.414600	
776	0.418814	67	0.328358	157	0.694268	4.626460	776	0.418814	0.456000	0.414643	
772	0.632124	47	0.425532	181	0.988950	5.000000	772	0.632124	0.687000	0.414922	
800	0.217500	38	0.315789	162	0.561728	5.000000	800	0.217500	0.277000	0.414781	
819	0.174603	35	0.257143	146	0.472603	5.000000	819	0.174603	0.221000	0.414582	
774	0.186047	69	0.304348	157	0.579618	4.577967	774	0.186047	0.256000	0.414420	
779	0.213094	99	0.282828	122	0.500000	3.509328	779	0.213094	0.255000	0.414258	
788	0.209391	56	0.214286	156	0.365385	3.509328	788	0.209391	0.234000	0.414074	
794	0.202771	58	0.379310	148	0.364865	3.509328	794	0.202771	0.237000	0.413894	
800	0.300000	47	0.361702	153	0.594771	3.509328	800	0.300000	0.348000	0.413827	
713	0.482468	121	0.214876	166	1.000000	3.509328	713	0.482468	0.536000	0.413951	
749	0.680908	64	0.093750	187	0.946524	3.948792	749	0.680908	0.693000	0.414234	
630	0.573016	106	0.188679	264	0.996212	4.272847	630	0.573016	0.644000	0.414467	
720	0.400000	78	0.230769	202	0.747525	5.000000	720	0.400000	0.457000	0.414510	
769	0.615085	72	0.222222	159	0.987421	5.000000	769	0.615085	0.646000	0.414745	
768	0.441406	78	0.230769	154	0.727273	5.000000	768	0.441406	0.469000	0.414799	
782	0.173913	61	0.229508	157	0.439490	5.000000	782	0.173913	0.219000	0.414602	
791	0.683944	49	0.204082	160	0.950000	3.671943	791	0.683944	0.703000	0.414893	
766	0.629243	83	0.373494	151	0.894040	5.000000	766	0.629243	0.648000	0.415128	
755	0.625166	73	0.397260	172	0.970930	5.000000	755	0.625166	0.668000	0.415382	
741	0.615385	66	0.272727	193	0.974093	5.000000	741	0.615385	0.662000	0.415630	
778	0.615681	39	0.128205	183	0.967213	5.000000	778	0.615681	0.661000	0.415877	
795	0.646541	57	0.298246	148	0.966216	5.000000	795	0.646541	0.674000	0.416136	
727	0.436039	100	0.200000	173	1.000000	5.000000	727	0.436039	0.510000	0.416230	
640	0.143750	114	0.192982	246	0.995935	5.000000	640	0.143750	0.359000	0.416173	
635	0.184252	134	0.089552	231	1.000000	4.221525	635	0.184252	0.360000	0.416117	
754	0.705570	81	0.320988	165	0.975758	3.764766	754	0.705570	0.719000	0.416420	
