Rate	71.43
Rev Jump	14.29
Tree Move	14.29
Rate Tried	% Accepted	Rev Jump Tried	% Accepted	Tree Move Tried	% Accepted	Rates - Dev	Rates - Tried	Rates - Accepted	Sample Ave Acceptance	Total Ave Acceptance	
718	0.459610	108	0.203704	174	0.729885	5.000000	718	0.459610	0.479000	0.490955	
714	0.441176	129	0.232558	157	0.764331	5.000000	714	0.441176	0.465000	0.488793	
711	0.431786	135	0.207407	154	0.694805	5.000000	711	0.431786	0.442000	0.485193	
702	0.467236	134	0.328358	164	0.737805	5.000000	702	0.467236	0.493000	0.485751	
748	0.433155	112	0.196429	140	0.750000	5.000000	748	0.433155	0.451000	0.483434	
744	0.432796	101	0.188119	155	0.787097	5.000000	744	0.432796	0.463000	0.482157	
741	0.443995	141	0.184397	118	0.771186	5.000000	741	0.443995	0.446000	0.480031	
740	0.458108	105	0.219048	155	0.780645	5.000000	740	0.458108	0.483000	0.480196	
761	0.406045	116	0.293103	123	0.764228	5.000000	761	0.406045	0.437000	0.477922	
729	0.429355	126	0.174603	145	0.772414	5.000000	729	0.429355	0.447000	0.476376	
735	0.488435	121	0.173554	144	0.770833	5.000000	735	0.488435	0.491000	0.477073	
729	0.417010	115	0.191304	156	0.775641	5.000000	729	0.417010	0.447000	0.475706	
733	0.420191	121	0.132231	146	0.719178	5.000000	733	0.420191	0.429000	0.473675	
729	0.445816	118	0.194915	153	0.705882	5.000000	729	0.445816	0.456000	0.472939	
758	0.445910	105	0.257143	137	0.759124	5.000000	758	0.445910	0.469000	0.472781	
728	0.423077	116	0.172414	156	0.730769	5.000000	728	0.423077	0.442000	0.471597	
738	0.410569	132	0.250000	130	0.684615	5.000000	738	0.410569	0.425000	0.469871	
734	0.464578	126	0.198413	140	0.728571	5.000000	734	0.464578	0.468000	0.469805	
752	0.422872	119	0.226891	129	0.720930	5.000000	752	0.422872	0.438000	0.468708	
769	0.461638	101	0.227723	130	0.776923	5.000000	769	0.461638	0.479000	0.469051	
723	0.416321	122	0.188525	155	0.780645	5.000000	723	0.416321	0.445000	0.468275	
750	0.466667	104	0.201923	146	0.787671	5.000000	750	0.466667	0.486000	0.468829	
732	0.415301	121	0.231405	147	0.693878	5.000000	732	0.415301	0.434000	0.467774	
711	0.413502	141	0.212766	148	0.655405	5.000000	711	0.413502	0.421000	0.466398	
703	0.421053	135	0.244444	162	0.839506	5.000000	703	0.421053	0.465000	0.466358	
731	0.429549	132	0.189394	137	0.678832	5.000000	731	0.429549	0.432000	0.465404	
729	0.403292	119	0.294118	152	0.697368	5.000000	729	0.403292	0.435000	0.464582	
721	0.466019	118	0.211864	161	0.689441	5.000000	721	0.466019	0.472000	0.464777	
740	0.448649	103	0.203883	157	0.815287	5.000000	740	0.448649	0.481000	0.465193	
708	0.454802	130	0.161538	162	0.771605	5.000000	708	0.454802	0.468000	0.465263	
722	0.433518	124	0.241935	154	0.720779	5.000000	722	0.433518	0.454000	0.464989	
747	0.457831	115	0.278261	138	0.746377	5.000000	747	0.457831	0.477000	0.465275	
709	0.423131	140	0.192857	151	0.728477	5.000000	709	0.423131	0.437000	0.464617	
742	0.446092	114	0.210526	144	0.750000	5.000000	742	0.446092	0.463000	0.464580	
746	0.453083	114	0.254386	140	0.785714	5.000000	746	0.453083	0.477000	0.464856	
724	0.424033	137	0.189781	139	0.719424	5.000000	724	0.424033	0.433000	0.464164	
727	0.437414	134	0.216418	139	0.762590	5.000000	727	0.437414	0.453000	0.463926	
725	0.440000	111	0.252252	164	0.823171	5.000000	725	0.440000	0.482000	0.464303	
725	0.448276	128	0.218750	147	0.761905	5.000000	725	0.448276	0.465000	0.464317	
696	0.431034	137	0.182482	167	0.796407	5.000000	696	0.431034	0.458000	0.464191	
727	0.459422	134	0.268657	139	0.748201	5.000000	727	0.459422	0.474000	0.464383	
735	0.429932	123	0.186992	142	0.781690	5.000000	735	0.429932	0.450000	0.464106	
723	0.442600	126	0.261905	151	0.794702	5.000000	723	0.442600	0.473000	0.464274	
724	0.425414	137	0.248175	139	0.697842	5.000000	724	0.425414	0.439000	0.463806	
718	0.463788	113	0.212389	169	0.698225	5.000000	718	0.463788	0.475000	0.464010	
703	0.455192	148	0.243243	149	0.718121	5.000000	703	0.455192	0.463000	0.463992	
684	0.456140	152	0.250000	164	0.768293	5.000000	684	0.456140	0.476000	0.464202	
723	0.450899	140	0.228571	137	0.766423	5.000000	723	0.450899	0.463000	0.464182	
717	0.490934	126	0.198413	157	0.732484	5.000000	717	0.490934	0.492000	0.464653	
725	0.440000	120	0.300000	155	0.722581	5.000000	725	0.440000	0.467000	0.464692	
739	0.434371	131	0.251908	130	0.753846	5.000000	739	0.434371	0.452000	0.464484	
691	0.426918	141	0.198582	168	0.720238	5.000000	691	0.426918	0.444000	0.464154	
727	0.449794	103	0.203883	170	0.723529	5.000000	727	0.449794	0.471000	0.464262	
726	0.482094	117	0.239316	157	0.745223	5.000000	726	0.482094	0.495000	0.464743	
722	0.409972	129	0.186047	149	0.711409	5.000000	722	0.409972	0.426000	0.464147	
716	0.427374	138	0.231884	146	0.671233	5.000000	716	0.427374	0.436000	0.463720	
737	0.412483	127	0.228346	136	0.669118	5.000000	737	0.412483	0.424000	0.463127	
706	0.436261	117	0.213675	177	0.762712	5.000000	706	0.436261	0.468000	0.463199	
742	0.425876	114	0.219298	144	0.777778	5.000000	742	0.425876	0.453000	0.463051	
739	0.428958	106	0.283019	155	0.696774	5.000000	739	0.428958	0.455000	0.462936	
735	0.454422	119	0.168067	146	0.753425	5.000000	735	0.454422	0.464000	0.462951	
703	0.403983	140	0.228571	157	0.713376	5.000000	703	0.403983	0.428000	0.462466	
744	0.452957	119	0.184874	137	0.751825	5.000000	744	0.452957	0.462000	0.462459	
721	0.421637	133	0.218045	146	0.767123	5.000000	721	0.421637	0.445000	0.462223	
719	0.435327	125	0.208000	156	0.794872	5.000000	719	0.435327	0.463000	0.462234	
710	0.433803	136	0.213235	154	0.740260	5.000000	710	0.433803	0.451000	0.462086	
730	0.401370	119	0.285714	151	0.794702	5.000000	730	0.401370	0.447000	0.461890	
744	0.423387	113	0.247788	143	0.776224	5.000000	744	0.423387	0.454000	0.461789	
725	0.423448	126	0.293651	149	0.704698	5.000000	725	0.423448	0.449000	0.461627	
734	0.419619	114	0.236842	152	0.750000	5.000000	734	0.419619	0.449000	0.461469	
716	0.453911	154	0.279221	130	0.823077	5.000000	716	0.453911	0.475000	0.461636	
731	0.410397	115	0.226087	154	0.662338	5.000000	731	0.410397	0.428000	0.461226	
741	0.427800	112	0.116071	147	0.829932	5.000000	741	0.427800	0.452000	0.461115	
731	0.374829	109	0.165138	160	0.706250	5.000000	731	0.374829	0.405000	0.460447	
739	0.447903	127	0.267717	134	0.753731	5.000000	739	0.447903	0.466000	0.460512	
721	0.421637	111	0.162162	168	0.767857	5.000000	721	0.421637	0.451000	0.460402	
759	0.447958	113	0.176991	128	0.718750	5.000000	759	0.447958	0.452000	0.460305	
729	0.432099	125	0.168000	146	0.657534	5.000000	729	0.432099	0.432000	0.459983	
717	0.428173	128	0.164062	155	0.735484	5.000000	717	0.428173	0.442000	0.459781	
735	0.414966	107	0.233645	158	0.759494	5.000000	735	0.414966	0.450000	0.459673	
715	0.462937	154	0.188312	131	0.709924	5.000000	715	0.462937	0.453000	0.459599	
727	0.427785	123	0.186992	150	0.580000	5.000000	727	0.427785	0.421000	0.459180	
731	0.424077	124	0.266129	145	0.675862	5.000000	731	0.424077	0.441000	0.458984	
765	0.450980	97	0.237113	138	0.717391	5.000000	765	0.450980	0.467000	0.459070	
722	0.425208	117	0.196581	161	0.782609	5.000000	722	0.425208	0.456000	0.459037	
703	0.459459	133	0.248120	164	0.737805	5.000000	703	0.459459	0.477000	0.459224	
751	0.443409	103	0.223301	146	0.780822	5.000000	751	0.443409	0.470000	0.459335	
736	0.463315	114	0.228070	150	0.820000	5.000000	736	0.463315	0.490000	0.459648	
732	0.479508	128	0.179688	140	0.778571	5.000000	732	0.479508	0.483000	0.459884	
713	0.461431	137	0.270073	150	0.760000	5.000000	713	0.461431	0.480000	0.460085	
727	0.404402	125	0.240000	148	0.689189	5.000000	727	0.404402	0.426000	0.459748	
764	0.426702	115	0.200000	121	0.785124	5.000000	764	0.426702	0.444000	0.459594	
738	0.440379	116	0.250000	146	0.726027	5.000000	738	0.440379	0.460000	0.459597	
744	0.438172	105	0.200000	151	0.741722	5.000000	744	0.438172	0.459000	0.459592	
731	0.435021	123	0.243902	146	0.698630	5.000000	731	0.435021	0.450000	0.459500	
743	0.456258	114	0.228070	143	0.811189	5.000000	743	0.456258	0.481000	0.459703	
723	0.441217	128	0.242188	149	0.704698	5.000000	723	0.441217	0.455000	0.459659	
732	0.413934	143	0.195804	125	0.760000	5.000000	732	0.413934	0.426000	0.459348	
712	0.448034	131	0.274809	157	0.726115	5.000000	712	0.448034	0.469000	0.459436	
721	0.441054	125	0.248000	154	0.792208	5.000000	721	0.441054	0.471000	0.459541	
726	0.435262	126	0.174603	148	0.817568	5.000000	726	0.435262	0.459000	0.459536	
740	0.456757	119	0.226891	141	0.751773	5.000000	740	0.456757	0.471000	0.459639	
725	0.440000	130	0.315385	145	0.689655	5.000000	725	0.440000	0.460000	0.459642	
732	0.478142	110	0.136364	158	0.791139	5.000000	732	0.478142	0.490000	0.459908	
739	0.446549	114	0.236842	147	0.782313	5.000000	739	0.446549	0.472000	0.460013	
737	0.451832	112	0.142857	151	0.741722	5.000000	737	0.451832	0.461000	0.460022	
750	0.372000	130	0.238462	120	0.708333	5.000000	750	0.372000	0.395000	0.459466	
734	0.472752	137	0.197080	129	0.837209	5.000000	734	0.472752	0.482000	0.459657	
743	0.452221	110	0.218182	147	0.700680	5.000000	743	0.452221	0.463000	0.459685	
749	0.443258	118	0.186441	133	0.736842	5.000000	749	0.443258	0.452000	0.459621	
719	0.472879	134	0.231343	147	0.795918	5.000000	719	0.472879	0.488000	0.459856	
759	0.472991	122	0.213115	119	0.764706	5.000000	759	0.472991	0.476000	0.459988	
753	0.426295	112	0.223214	135	0.755556	5.000000	753	0.426295	0.448000	0.459891	
723	0.435685	135	0.288889	142	0.788732	5.000000	723	0.435685	0.466000	0.459940	
744	0.418011	132	0.189394	124	0.790323	5.000000	744	0.418011	0.434000	0.459732	
705	0.475177	131	0.213740	164	0.750000	5.000000	705	0.475177	0.486000	0.459941	
704	0.428977	163	0.177914	133	0.759398	5.000000	704	0.428977	0.432000	0.459721	
701	0.442225	131	0.244275	168	0.767857	5.000000	701	0.442225	0.471000	0.459809	
739	0.422192	114	0.140351	147	0.761905	5.000000	739	0.422192	0.440000	0.459655	
760	0.450000	106	0.198113	134	0.723881	5.000000	760	0.450000	0.460000	0.459658	
698	0.439828	130	0.223077	172	0.726744	5.000000	698	0.439828	0.461000	0.459668	
713	0.468443	127	0.244094	160	0.725000	5.000000	713	0.468443	0.481000	0.459830	
727	0.419532	121	0.247934	152	0.717105	5.000000	727	0.419532	0.444000	0.459711	
718	0.434540	119	0.252101	163	0.723926	5.000000	718	0.434540	0.460000	0.459713	
736	0.442935	118	0.211864	146	0.732877	5.000000	736	0.442935	0.458000	0.459700	
740	0.447297	99	0.272727	161	0.770186	5.000000	740	0.447297	0.482000	0.459864	
707	0.462518	128	0.234375	165	0.806061	5.000000	707	0.462518	0.490000	0.460084	
709	0.445698	127	0.228346	164	0.719512	5.000000	709	0.445698	0.463000	0.460105	
733	0.429741	128	0.218750	139	0.748201	5.000000	733	0.429741	0.447000	0.460011	
734	0.431880	135	0.192593	131	0.709924	5.000000	734	0.431880	0.436000	0.459840	
708	0.481638	113	0.185841	179	0.670391	5.000000	708	0.481638	0.482000	0.459997	
740	0.421622	114	0.166667	146	0.739726	5.000000	740	0.421622	0.439000	0.459849	
727	0.429161	109	0.174312	164	0.737805	5.000000	727	0.429161	0.452000	0.459794	
722	0.445983	116	0.232759	162	0.783951	5.000000	722	0.445983	0.476000	0.459907	
752	0.452128	102	0.274510	146	0.767123	5.000000	752	0.452128	0.480000	0.460045	
721	0.442441	117	0.247863	162	0.740741	5.000000	721	0.442441	0.468000	0.460100	
745	0.446980	107	0.168224	148	0.729730	5.000000	745	0.446980	0.459000	0.460092	
711	0.481013	137	0.233577	152	0.776316	5.000000	711	0.481013	0.492000	0.460308	
717	0.425384	124	0.201613	159	0.672956	5.000000	717	0.425384	0.437000	0.460151	
721	0.450763	112	0.232143	167	0.778443	5.000000	721	0.450763	0.481000	0.460290	
759	0.428195	92	0.184783	149	0.771812	5.000000	759	0.428195	0.457000	0.460268	
681	0.471366	140	0.192857	179	0.687151	5.000000	681	0.471366	0.471000	0.460339	
720	0.430556	125	0.272000	155	0.748387	5.000000	720	0.430556	0.460000	0.460337	
700	0.445714	144	0.236111	156	0.711538	5.000000	700	0.445714	0.457000	0.460315	
727	0.441541	127	0.125984	146	0.746575	5.000000	727	0.441541	0.446000	0.460223	
735	0.419048	116	0.258621	149	0.731544	5.000000	735	0.419048	0.447000	0.460138	
732	0.442623	108	0.259259	160	0.768750	5.000000	732	0.442623	0.475000	0.460233	
730	0.426027	127	0.283465	143	0.727273	5.000000	730	0.426027	0.451000	0.460174	
736	0.404891	125	0.200000	139	0.669065	5.000000	736	0.404891	0.416000	0.459896	
719	0.426982	130	0.253846	151	0.754967	5.000000	719	0.426982	0.454000	0.459860	
732	0.390710	125	0.304000	143	0.692308	5.000000	732	0.390710	0.423000	0.459631	
731	0.388509	118	0.161017	151	0.788079	5.000000	731	0.388509	0.422000	0.459398	
721	0.443828	116	0.232759	163	0.711656	5.000000	721	0.443828	0.463000	0.459420	
703	0.438122	137	0.204380	160	0.743750	5.000000	703	0.438122	0.455000	0.459394	
756	0.402116	112	0.196429	132	0.787879	5.000000	756	0.402116	0.430000	0.459215	
717	0.447699	131	0.190840	152	0.723684	5.000000	717	0.447699	0.456000	0.459196	
710	0.422535	138	0.282609	152	0.782895	5.000000	710	0.422535	0.458000	0.459189	
736	0.427989	119	0.268908	145	0.717241	5.000000	736	0.427989	0.451000	0.459140	
695	0.424460	152	0.269737	153	0.823529	5.000000	695	0.424460	0.462000	0.459157	
714	0.452381	108	0.287037	178	0.780899	5.000000	714	0.452381	0.493000	0.459356	
703	0.421053	139	0.237410	158	0.797468	5.000000	703	0.421053	0.455000	0.459331	
731	0.456908	122	0.270492	147	0.693878	5.000000	731	0.456908	0.469000	0.459387	
735	0.451701	109	0.256881	156	0.743590	5.000000	735	0.451701	0.476000	0.459483	
739	0.461434	111	0.207207	150	0.793333	5.000000	739	0.461434	0.483000	0.459618	
763	0.467890	101	0.257426	136	0.764706	5.000000	763	0.467890	0.487000	0.459775	
729	0.444444	128	0.218750	143	0.741259	5.000000	729	0.444444	0.458000	0.459764	
713	0.436185	133	0.278195	154	0.733766	5.000000	713	0.436185	0.461000	0.459771	
715	0.482517	133	0.195489	152	0.776316	5.000000	715	0.482517	0.489000	0.459936	
739	0.458728	128	0.140625	133	0.796992	5.000000	739	0.458728	0.463000	0.459953	
712	0.425562	119	0.294118	169	0.727811	5.000000	712	0.425562	0.461000	0.459959	
713	0.458626	137	0.270073	150	0.720000	5.000000	713	0.458626	0.472000	0.460025	
721	0.439667	118	0.220339	161	0.633540	5.000000	721	0.439667	0.445000	0.459943	
743	0.452221	117	0.205128	140	0.842857	5.000000	743	0.452221	0.478000	0.460041	
770	0.449351	98	0.153061	132	0.719697	5.000000	770	0.449351	0.456000	0.460019	
732	0.427596	122	0.213115	146	0.719178	5.000000	732	0.427596	0.444000	0.459933	
720	0.447222	130	0.223077	150	0.686667	5.000000	720	0.447222	0.454000	0.459901	
743	0.462988	118	0.211864	139	0.776978	5.000000	743	0.462988	0.477000	0.459992	
740	0.437838	132	0.234848	128	0.679688	5.000000	740	0.437838	0.442000	0.459896	
752	0.410904	110	0.245455	138	0.710145	5.000000	752	0.410904	0.434000	0.459759	
705	0.411348	136	0.191176	159	0.704403	5.000000	705	0.411348	0.428000	0.459592	
712	0.456461	134	0.201493	154	0.766234	5.000000	712	0.456461	0.470000	0.459647	
729	0.451303	118	0.262712	153	0.777778	5.000000	729	0.451303	0.479000	0.459748	
717	0.444909	118	0.203390	165	0.787879	5.000000	717	0.444909	0.473000	0.459816	
712	0.386236	121	0.181818	167	0.772455	5.000000	712	0.386236	0.426000	0.459642	
734	0.445504	131	0.167939	135	0.703704	5.000000	734	0.445504	0.444000	0.459562	
738	0.453930	132	0.174242	130	0.776923	5.000000	738	0.453930	0.459000	0.459559	
748	0.423797	108	0.203704	144	0.715278	5.000000	748	0.423797	0.442000	0.459470	
736	0.453804	118	0.152542	146	0.773973	5.000000	736	0.453804	0.465000	0.459498	
726	0.439394	111	0.198198	163	0.779141	5.000000	726	0.439394	0.468000	0.459540	
703	0.439545	133	0.218045	164	0.804878	5.000000	703	0.439545	0.470000	0.459593	
684	0.438596	158	0.221519	158	0.803797	5.000000	684	0.438596	0.462000	0.459605	
695	0.470504	139	0.230216	166	0.825301	5.000000	695	0.470504	0.496000	0.459785	
736	0.400815	122	0.303279	142	0.690141	5.000000	736	0.400815	0.430000	0.459638	
745	0.414765	120	0.308333	135	0.748148	5.000000	745	0.414765	0.447000	0.459576	
716	0.421788	117	0.290598	167	0.688623	5.000000	716	0.421788	0.451000	0.459534	
725	0.398621	122	0.245902	153	0.790850	5.000000	725	0.398621	0.440000	0.459440	
711	0.451477	127	0.236220	162	0.746914	5.000000	711	0.451477	0.472000	0.459500	
725	0.405517	137	0.211679	138	0.804348	5.000000	725	0.405517	0.434000	0.459378	
725	0.444138	131	0.251908	144	0.777778	5.000000	725	0.444138	0.467000	0.459414	
742	0.443396	126	0.222222	132	0.780303	5.000000	742	0.443396	0.460000	0.459417	
755	0.433113	117	0.205128	128	0.726562	5.000000	755	0.433113	0.444000	0.459344	
729	0.463649	139	0.244604	132	0.727273	5.000000	729	0.463649	0.468000	0.459385	
725	0.445517	114	0.219298	161	0.683230	5.000000	725	0.445517	0.458000	0.459378	
727	0.444292	132	0.227273	141	0.780142	5.000000	727	0.444292	0.463000	0.459395	
707	0.449788	121	0.181818	172	0.779070	5.000000	707	0.449788	0.474000	0.459463	
712	0.471910	135	0.222222	153	0.725490	5.000000	712	0.471910	0.477000	0.459544	
725	0.459310	122	0.270492	153	0.810458	5.000000	725	0.459310	0.490000	0.459685	
715	0.440559	138	0.166667	147	0.741497	5.000000	715	0.440559	0.447000	0.459626	
763	0.387942	97	0.257732	140	0.750000	5.000000	763	0.387942	0.426000	0.459473	
712	0.428371	132	0.212121	156	0.775641	5.000000	712	0.428371	0.454000	0.459448	
703	0.449502	142	0.232394	155	0.729032	5.000000	703	0.449502	0.462000	0.459459	
726	0.490358	99	0.212121	175	0.731429	5.000000	726	0.490358	0.505000	0.459665	
731	0.473324	115	0.234783	154	0.603896	5.000000	731	0.473324	0.466000	0.459693	
720	0.440278	112	0.294643	168	0.803571	5.000000	720	0.440278	0.485000	0.459806	
749	0.435247	112	0.178571	139	0.776978	5.000000	749	0.435247	0.454000	0.459780	
708	0.440678	130	0.292308	162	0.814815	5.000000	708	0.440678	0.482000	0.459878	
709	0.437236	127	0.275591	164	0.737805	5.000000	709	0.437236	0.466000	0.459905	
732	0.442623	136	0.235294	132	0.734848	5.000000	732	0.442623	0.453000	0.459875	
744	0.455645	123	0.235772	133	0.789474	5.000000	744	0.455645	0.473000	0.459932	
739	0.431664	118	0.177966	143	0.776224	5.000000	739	0.431664	0.451000	0.459894	
700	0.464286	128	0.164062	172	0.680233	5.000000	700	0.464286	0.463000	0.459907	
723	0.463347	112	0.241071	165	0.715152	5.000000	723	0.463347	0.480000	0.459994	
732	0.453552	96	0.208333	172	0.796512	5.000000	732	0.453552	0.489000	0.460118	
747	0.452477	111	0.198198	142	0.767606	5.000000	747	0.452477	0.469000	0.460156	
728	0.462912	113	0.194690	159	0.792453	5.000000	728	0.462912	0.485000	0.460262	
707	0.448373	116	0.215517	177	0.711864	5.000000	707	0.448373	0.468000	0.460295	
730	0.432877	125	0.256000	145	0.724138	5.000000	730	0.432877	0.453000	0.460264	
711	0.423347	133	0.165414	156	0.839744	5.000000	711	0.423347	0.454000	0.460238	
704	0.436080	123	0.195122	173	0.757225	5.000000	704	0.436080	0.462000	0.460245	
732	0.454918	128	0.234375	140	0.807143	5.000000	732	0.454918	0.476000	0.460311	
723	0.432918	117	0.307692	160	0.743750	5.000000	723	0.432918	0.468000	0.460342	
739	0.461434	117	0.196581	144	0.743056	5.000000	739	0.461434	0.471000	0.460387	
726	0.424242	122	0.180328	152	0.743421	5.000000	726	0.424242	0.443000	0.460315	
739	0.428958	121	0.181818	140	0.778571	5.000000	739	0.428958	0.448000	0.460265	
726	0.454545	113	0.221239	161	0.732919	5.000000	726	0.454545	0.473000	0.460316	
727	0.462173	133	0.165414	140	0.685714	5.000000	727	0.462173	0.454000	0.460291	
727	0.448418	115	0.234783	158	0.772152	5.000000	727	0.448418	0.475000	0.460350	
745	0.438926	116	0.232759	139	0.719424	5.000000	745	0.438926	0.454000	0.460325	
702	0.457265	108	0.259259	190	0.747368	5.000000	702	0.457265	0.491000	0.460448	
736	0.427989	108	0.157407	156	0.717949	5.000000	736	0.427989	0.444000	0.460382	
739	0.445196	125	0.200000	136	0.713235	5.000000	739	0.445196	0.451000	0.460345	
759	0.455863	117	0.247863	124	0.750000	5.000000	759	0.455863	0.468000	0.460375	
729	0.443073	121	0.289256	150	0.780000	5.000000	729	0.443073	0.475000	0.460433	
735	0.474830	118	0.254237	147	0.775510	5.000000	735	0.474830	0.493000	0.460561	
738	0.441734	118	0.203390	144	0.840278	5.000000	738	0.441734	0.471000	0.460602	
735	0.427211	118	0.237288	147	0.653061	5.000000	735	0.427211	0.438000	0.460514	
763	0.433814	104	0.192308	133	0.827068	5.000000	763	0.433814	0.461000	0.460516	
719	0.410292	131	0.244275	150	0.766667	5.000000	719	0.410292	0.442000	0.460444	
718	0.434540	112	0.205357	170	0.688235	5.000000	718	0.434540	0.452000	0.460411	
722	0.440443	120	0.175000	158	0.740506	5.000000	722	0.440443	0.456000	0.460394	
733	0.454297	122	0.180328	145	0.772414	5.000000	733	0.454297	0.467000	0.460420	
726	0.453168	138	0.304348	136	0.683824	5.000000	726	0.453168	0.464000	0.460433	
723	0.452282	136	0.242647	141	0.794326	5.000000	723	0.452282	0.472000	0.460477	
721	0.463245	136	0.235294	143	0.804196	5.000000	721	0.463245	0.481000	0.460555	
704	0.409091	124	0.217742	172	0.790698	5.000000	704	0.409091	0.451000	0.460519	
731	0.437756	124	0.169355	145	0.786207	5.000000	731	0.437756	0.455000	0.460498	
736	0.452446	119	0.294118	145	0.696552	5.000000	736	0.452446	0.469000	0.460530	
734	0.396458	119	0.252101	147	0.789116	5.000000	734	0.396458	0.437000	0.460442	
711	0.421941	135	0.259259	154	0.759740	5.000000	711	0.421941	0.452000	0.460411	
709	0.435825	144	0.187500	147	0.775510	5.000000	709	0.435825	0.450000	0.460372	
709	0.416079	128	0.226562	163	0.809816	5.000000	709	0.416079	0.456000	0.460356	
709	0.433004	124	0.177419	167	0.712575	5.000000	709	0.433004	0.448000	0.460311	
741	0.477733	104	0.201923	155	0.793548	5.000000	741	0.477733	0.498000	0.460449	
715	0.430769	127	0.141732	158	0.841772	5.000000	715	0.430769	0.459000	0.460444	
735	0.428571	114	0.245614	151	0.715232	5.000000	735	0.428571	0.451000	0.460409	
746	0.407507	120	0.233333	134	0.753731	5.000000	746	0.407507	0.433000	0.460310	
745	0.460403	107	0.271028	148	0.675676	5.000000	745	0.460403	0.472000	0.460352	
725	0.426207	125	0.192000	150	0.780000	5.000000	725	0.426207	0.450000	0.460315	
712	0.439607	128	0.234375	160	0.812500	5.000000	712	0.439607	0.473000	0.460360	
698	0.451289	121	0.223140	181	0.767956	5.000000	698	0.451289	0.481000	0.460434	
737	0.461330	108	0.231481	155	0.716129	5.000000	737	0.461330	0.476000	0.460489	
719	0.417246	127	0.188976	154	0.701299	5.000000	719	0.417246	0.432000	0.460388	
720	0.445833	132	0.227273	148	0.763514	5.000000	720	0.445833	0.464000	0.460401	
719	0.415855	135	0.281481	146	0.787671	5.000000	719	0.415855	0.452000	0.460372	
707	0.454031	148	0.236486	145	0.696552	5.000000	707	0.454031	0.457000	0.460360	
687	0.451237	129	0.170543	184	0.766304	5.000000	687	0.451237	0.473000	0.460404	
716	0.435754	125	0.184000	159	0.685535	5.000000	716	0.435754	0.444000	0.460347	
726	0.450413	112	0.205357	162	0.777778	5.000000	726	0.450413	0.476000	0.460401	
752	0.464096	111	0.189189	137	0.744526	5.000000	752	0.464096	0.472000	0.460441	
741	0.473684	121	0.247934	138	0.753623	5.000000	741	0.473684	0.485000	0.460526	
732	0.471311	126	0.230159	142	0.739437	5.000000	732	0.471311	0.479000	0.460589	
755	0.433113	101	0.267327	144	0.659722	5.000000	755	0.433113	0.449000	0.460550	
735	0.472109	125	0.256000	140	0.835714	5.000000	735	0.472109	0.496000	0.460671	
730	0.434247	116	0.267241	154	0.688312	5.000000	730	0.434247	0.454000	0.460648	
742	0.460916	117	0.222222	141	0.801418	5.000000	742	0.460916	0.481000	0.460717	
747	0.443106	124	0.185484	129	0.821705	5.000000	747	0.443106	0.460000	0.460715	
709	0.447109	137	0.153285	154	0.675325	5.000000	709	0.447109	0.442000	0.460652	
722	0.455679	118	0.305085	160	0.731250	5.000000	722	0.455679	0.482000	0.460723	
764	0.445026	111	0.216216	125	0.720000	5.000000	764	0.445026	0.454000	0.460701	
717	0.486750	134	0.179104	149	0.724832	5.000000	717	0.486750	0.481000	0.460768	
738	0.422764	109	0.174312	153	0.764706	5.000000	738	0.422764	0.448000	0.460726	
725	0.433103	121	0.247934	154	0.798701	5.000000	725	0.433103	0.467000	0.460747	
722	0.415512	132	0.272727	146	0.739726	5.000000	722	0.415512	0.444000	0.460692	
748	0.395722	128	0.242188	124	0.758065	5.000000	748	0.395722	0.421000	0.460561	
743	0.441454	128	0.195312	129	0.775194	5.000000	743	0.441454	0.453000	0.460536	
738	0.409214	123	0.195122	139	0.712230	5.000000	738	0.409214	0.425000	0.460420	
742	0.429919	105	0.219048	153	0.856209	5.000000	742	0.429919	0.473000	0.460461	
681	0.444934	142	0.232394	177	0.689266	5.000000	681	0.444934	0.458000	0.460453	
744	0.404570	118	0.245763	138	0.753623	5.000000	744	0.404570	0.434000	0.460367	
729	0.427984	125	0.232000	146	0.767123	5.000000	729	0.427984	0.453000	0.460344	
741	0.415655	123	0.203252	136	0.742647	5.000000	741	0.415655	0.434000	0.460259	
722	0.416898	128	0.164062	150	0.766667	5.000000	722	0.416898	0.437000	0.460184	
725	0.419310	118	0.203390	157	0.675159	5.000000	725	0.419310	0.434000	0.460101	
735	0.466667	112	0.294643	153	0.764706	5.000000	735	0.466667	0.493000	0.460206	
751	0.424767	105	0.152381	144	0.812500	5.000000	751	0.424767	0.452000	0.460179	
717	0.430962	124	0.193548	159	0.723270	5.000000	717	0.430962	0.448000	0.460141	
740	0.452703	117	0.239316	143	0.790210	5.000000	740	0.452703	0.476000	0.460191	
721	0.427184	126	0.253968	153	0.679739	5.000000	721	0.427184	0.444000	0.460140	
739	0.438430	118	0.245763	143	0.692308	5.000000	739	0.438430	0.452000	0.460115	
750	0.468000	112	0.205357	138	0.775362	5.000000	750	0.468000	0.481000	0.460180	
728	0.469780	124	0.274194	148	0.770270	5.000000	728	0.469780	0.490000	0.460273	
710	0.490141	137	0.204380	153	0.718954	5.000000	710	0.490141	0.486000	0.460353	
713	0.448808	134	0.253731	153	0.758170	5.000000	713	0.448808	0.470000	0.460382	
735	0.443537	112	0.241071	153	0.790850	5.000000	735	0.443537	0.474000	0.460425	
732	0.437158	111	0.297297	157	0.757962	5.000000	732	0.437158	0.472000	0.460460	
739	0.476319	115	0.173913	146	0.732877	5.000000	739	0.476319	0.479000	0.460517	
719	0.432545	118	0.194915	163	0.730061	5.000000	719	0.432545	0.453000	0.460494	
742	0.471698	130	0.184615	128	0.640625	5.000000	742	0.471698	0.456000	0.460480	
728	0.438187	114	0.298246	158	0.791139	5.000000	728	0.438187	0.478000	0.460534	
729	0.448560	124	0.266129	147	0.727891	5.000000	729	0.448560	0.467000	0.460553	
730	0.450685	127	0.244094	143	0.741259	5.000000	730	0.450685	0.466000	0.460570	
735	0.477551	115	0.286957	150	0.793333	5.000000	735	0.477551	0.503000	0.460697	
727	0.429161	109	0.229358	164	0.792683	5.000000	727	0.429161	0.467000	0.460716	
726	0.440771	128	0.156250	146	0.787671	5.000000	726	0.440771	0.455000	0.460699	
741	0.433198	111	0.261261	148	0.824324	5.000000	741	0.433198	0.472000	0.460733	
738	0.456640	122	0.196721	140	0.750000	5.000000	738	0.456640	0.466000	0.460749	
738	0.436314	136	0.235294	126	0.698413	5.000000	738	0.436314	0.442000	0.460693	
713	0.420757	116	0.172414	171	0.666667	5.000000	713	0.420757	0.434000	0.460614	
719	0.426982	111	0.306306	170	0.788235	5.000000	719	0.426982	0.475000	0.460656	
730	0.409589	110	0.236364	160	0.700000	5.000000	730	0.409589	0.437000	0.460587	
722	0.465374	141	0.170213	137	0.693431	5.000000	722	0.465374	0.455000	0.460570	
748	0.417112	127	0.220472	125	0.744000	5.000000	748	0.417112	0.433000	0.460490	
726	0.450413	124	0.177419	150	0.720000	5.000000	726	0.450413	0.457000	0.460480	
764	0.454188	96	0.177083	140	0.707143	5.000000	764	0.454188	0.463000	0.460487	
710	0.439437	131	0.221374	159	0.710692	5.000000	710	0.439437	0.454000	0.460468	
746	0.449062	110	0.263636	144	0.715278	5.000000	746	0.449062	0.467000	0.460487	
735	0.438095	118	0.254237	147	0.700680	5.000000	735	0.438095	0.455000	0.460471	
717	0.415621	123	0.105691	160	0.762500	5.000000	717	0.415621	0.433000	0.460392	
724	0.459945	133	0.157895	143	0.671329	5.000000	724	0.459945	0.450000	0.460363	
732	0.431694	108	0.240741	160	0.793750	5.000000	732	0.431694	0.469000	0.460387	
739	0.511502	128	0.304688	133	0.774436	5.000000	739	0.511502	0.520000	0.460557	
707	0.420085	117	0.299145	176	0.738636	5.000000	707	0.420085	0.462000	0.460561	
702	0.437322	138	0.275362	160	0.850000	5.000000	702	0.437322	0.481000	0.460619	
721	0.410541	123	0.268293	156	0.794872	5.000000	721	0.410541	0.453000	0.460598	
729	0.448560	116	0.293103	155	0.741935	5.000000	729	0.448560	0.476000	0.460641	
701	0.412268	139	0.273381	160	0.787500	5.000000	701	0.412268	0.453000	0.460619	
716	0.441341	122	0.188525	162	0.827160	5.000000	716	0.441341	0.473000	0.460654	
711	0.464135	117	0.239316	172	0.872093	5.000000	711	0.464135	0.508000	0.460786	
713	0.458626	140	0.214286	147	0.789116	5.000000	713	0.458626	0.473000	0.460820	
767	0.438070	108	0.194444	125	0.824000	5.000000	767	0.438070	0.460000	0.460818	
717	0.405858	130	0.246154	153	0.830065	5.000000	717	0.405858	0.450000	0.460788	
730	0.469863	129	0.170543	141	0.652482	5.000000	730	0.469863	0.457000	0.460778	
713	0.447405	113	0.194690	174	0.764368	5.000000	713	0.447405	0.474000	0.460814	
744	0.412634	100	0.140000	156	0.820513	5.000000	744	0.412634	0.449000	0.460782	
734	0.446866	119	0.117647	147	0.666667	5.000000	734	0.446866	0.440000	0.460725	
756	0.427249	116	0.275862	128	0.773438	5.000000	756	0.427249	0.454000	0.460706	
724	0.430939	111	0.234234	165	0.775758	5.000000	724	0.430939	0.466000	0.460721	
716	0.458101	115	0.243478	169	0.757396	5.000000	716	0.458101	0.484000	0.460784	
745	0.434899	124	0.193548	131	0.748092	5.000000	745	0.434899	0.446000	0.460744	
712	0.442416	118	0.203390	170	0.758824	5.000000	712	0.442416	0.468000	0.460764	
738	0.433604	116	0.267241	146	0.801370	5.000000	738	0.433604	0.468000	0.460783	
729	0.423868	102	0.254902	169	0.769231	5.000000	729	0.423868	0.465000	0.460794	
732	0.422131	117	0.239316	151	0.662252	5.000000	732	0.422131	0.437000	0.460731	
716	0.465084	141	0.255319	143	0.713287	5.000000	716	0.465084	0.471000	0.460758	
731	0.425445	111	0.171171	158	0.702532	5.000000	731	0.425445	0.441000	0.460705	
703	0.446657	135	0.200000	162	0.851852	5.000000	703	0.446657	0.479000	0.460754	
711	0.447257	136	0.257353	153	0.790850	5.000000	711	0.447257	0.474000	0.460789	
723	0.419087	128	0.226562	149	0.724832	5.000000	723	0.419087	0.440000	0.460734	
740	0.454054	108	0.212963	152	0.723684	5.000000	740	0.454054	0.469000	0.460756	
741	0.372470	106	0.216981	153	0.803922	5.000000	741	0.372470	0.422000	0.460654	
721	0.424411	140	0.228571	139	0.733813	5.000000	721	0.424411	0.440000	0.460600	
740	0.445946	114	0.192982	146	0.780822	5.000000	740	0.445946	0.466000	0.460614	
731	0.451436	130	0.223077	139	0.697842	5.000000	731	0.451436	0.456000	0.460602	
730	0.412329	130	0.176923	140	0.621429	5.000000	730	0.412329	0.411000	0.460473	
724	0.410221	127	0.196850	149	0.738255	5.000000	724	0.410221	0.432000	0.460399	
749	0.427236	119	0.151261	132	0.833333	5.000000	749	0.427236	0.448000	0.460367	
722	0.483380	119	0.243697	159	0.742138	5.000000	722	0.483380	0.496000	0.460459	
727	0.459422	133	0.255639	140	0.714286	5.000000	727	0.459422	0.468000	0.460478	
715	0.479720	128	0.281250	157	0.745223	5.000000	715	0.479720	0.496000	0.460570	
710	0.447887	113	0.238938	177	0.728814	5.000000	710	0.447887	0.474000	0.460604	
737	0.481682	134	0.216418	129	0.682171	5.000000	737	0.481682	0.472000	0.460633	
711	0.412096	126	0.126984	163	0.730061	5.000000	711	0.412096	0.428000	0.460550	
740	0.418919	113	0.115044	147	0.741497	5.000000	740	0.418919	0.432000	0.460477	
755	0.445033	110	0.172727	135	0.822222	5.000000	755	0.445033	0.466000	0.460491	
713	0.417952	138	0.181159	149	0.731544	5.000000	713	0.417952	0.432000	0.460419	
744	0.486559	120	0.183333	136	0.661765	5.000000	744	0.486559	0.474000	0.460453	
729	0.444444	120	0.258333	151	0.768212	5.000000	729	0.444444	0.471000	0.460480	
738	0.463415	102	0.235294	160	0.762500	5.000000	738	0.463415	0.488000	0.460549	
741	0.421053	121	0.148760	138	0.666667	5.000000	741	0.421053	0.422000	0.460452	
722	0.405817	137	0.197080	141	0.836879	5.000000	722	0.405817	0.438000	0.460396	
720	0.402778	118	0.237288	162	0.771605	5.000000	720	0.402778	0.443000	0.460353	
773	0.459250	97	0.144330	130	0.738462	5.000000	773	0.459250	0.465000	0.460365	
730	0.442466	111	0.207207	159	0.754717	5.000000	730	0.442466	0.466000	0.460379	
723	0.448133	128	0.234375	149	0.791946	5.000000	723	0.448133	0.472000	0.460407	
704	0.444602	130	0.207692	166	0.765060	5.000000	704	0.444602	0.467000	0.460424	
721	0.477115	136	0.227941	143	0.762238	5.000000	721	0.477115	0.484000	0.460482	
738	0.463415	117	0.239316	145	0.724138	5.000000	738	0.463415	0.475000	0.460517	
726	0.440771	120	0.175000	154	0.798701	5.000000	726	0.440771	0.464000	0.460526	
711	0.428973	153	0.176471	136	0.610294	5.000000	711	0.428973	0.415000	0.460415	
738	0.433604	117	0.239316	145	0.772414	5.000000	738	0.433604	0.460000	0.460414	
715	0.415385	131	0.236641	154	0.798701	5.000000	715	0.415385	0.451000	0.460391	
735	0.454422	123	0.227642	142	0.767606	5.000000	735	0.454422	0.471000	0.460416	
752	0.429521	115	0.121739	133	0.721805	5.000000	752	0.429521	0.433000	0.460350	
725	0.457931	120	0.216667	155	0.735484	5.000000	725	0.457931	0.472000	0.460378	
716	0.493017	116	0.181034	168	0.773810	5.000000	716	0.493017	0.504000	0.460483	
734	0.426431	110	0.218182	156	0.756410	5.000000	734	0.426431	0.455000	0.460470	
753	0.427623	98	0.285714	149	0.771812	5.000000	753	0.427623	0.465000	0.460481	
728	0.465659	119	0.243697	153	0.725490	5.000000	728	0.465659	0.479000	0.460525	
718	0.431755	120	0.258333	162	0.771605	5.000000	718	0.431755	0.466000	0.460538	
725	0.435862	123	0.276423	152	0.684211	5.000000	725	0.435862	0.454000	0.460523	
745	0.430872	102	0.254902	153	0.705882	5.000000	745	0.430872	0.455000	0.460510	
665	0.461654	175	0.291429	160	0.781250	5.000000	665	0.461654	0.483000	0.460563	
734	0.450954	120	0.250000	146	0.773973	5.000000	734	0.450954	0.474000	0.460595	
731	0.467852	122	0.278689	147	0.789116	5.000000	731	0.467852	0.492000	0.460669	
719	0.411683	127	0.259843	154	0.746753	5.000000	719	0.411683	0.444000	0.460630	
699	0.479256	139	0.165468	162	0.685185	5.000000	699	0.479256	0.469000	0.460649	
720	0.440278	127	0.244094	153	0.797386	5.000000	720	0.440278	0.470000	0.460671	
720	0.425000	115	0.156522	165	0.727273	5.000000	720	0.425000	0.444000	0.460632	
714	0.408964	123	0.243902	163	0.730061	5.000000	714	0.408964	0.441000	0.460586	
742	0.401617	111	0.234234	147	0.700680	5.000000	742	0.401617	0.427000	0.460508	
757	0.457067	109	0.220183	134	0.746269	5.000000	757	0.457067	0.470000	0.460530	
723	0.435685	115	0.286957	162	0.660494	5.000000	723	0.435685	0.455000	0.460517	
720	0.419444	119	0.201681	161	0.708075	5.000000	720	0.419444	0.440000	0.460470	
742	0.454178	108	0.175926	150	0.826667	5.000000	742	0.454178	0.480000	0.460515	
732	0.439891	119	0.235294	149	0.697987	5.000000	732	0.439891	0.454000	0.460500	
718	0.431755	109	0.256881	173	0.774566	5.000000	718	0.431755	0.472000	0.460526	
722	0.440443	122	0.188525	156	0.750000	5.000000	722	0.440443	0.458000	0.460521	
737	0.405699	101	0.247525	162	0.759259	5.000000	737	0.405699	0.447000	0.460490	
732	0.438525	118	0.169492	150	0.726667	5.000000	732	0.438525	0.450000	0.460466	
728	0.451923	110	0.254545	162	0.722222	5.000000	728	0.451923	0.474000	0.460497	
727	0.456671	137	0.197080	136	0.720588	5.000000	727	0.456671	0.457000	0.460489	
710	0.421127	134	0.261194	156	0.698718	5.000000	710	0.421127	0.443000	0.460449	
711	0.444444	123	0.162602	166	0.728916	5.000000	711	0.444444	0.457000	0.460441	
734	0.429155	122	0.327869	144	0.763889	5.000000	734	0.429155	0.465000	0.460452	
717	0.421199	125	0.248000	158	0.683544	5.000000	717	0.421199	0.441000	0.460408	
728	0.446429	124	0.193548	148	0.763514	5.000000	728	0.446429	0.462000	0.460412	
732	0.437158	121	0.181818	147	0.741497	5.000000	732	0.437158	0.451000	0.460390	
732	0.437158	116	0.241379	152	0.769737	5.000000	732	0.437158	0.465000	0.460401	
720	0.462500	144	0.201389	136	0.742647	5.000000	720	0.462500	0.463000	0.460407	
723	0.467497	126	0.222222	151	0.735099	5.000000	723	0.467497	0.477000	0.460443	
716	0.444134	133	0.195489	151	0.761589	5.000000	716	0.444134	0.459000	0.460440	
706	0.444759	107	0.299065	187	0.689840	5.000000	706	0.444759	0.475000	0.460472	
727	0.423659	132	0.234848	141	0.773050	5.000000	727	0.423659	0.448000	0.460445	
733	0.435198	131	0.145038	136	0.786765	5.000000	733	0.435198	0.445000	0.460411	
743	0.442799	111	0.189189	146	0.773973	5.000000	743	0.442799	0.463000	0.460417	
743	0.419919	123	0.162602	134	0.738806	5.000000	743	0.419919	0.431000	0.460352	
713	0.457223	146	0.205479	141	0.666667	5.000000	713	0.457223	0.450000	0.460329	
724	0.487569	127	0.267717	149	0.778523	5.000000	724	0.487569	0.503000	0.460423	
751	0.455393	96	0.302083	153	0.771242	5.000000	751	0.455393	0.489000	0.460485	
775	0.396129	85	0.211765	140	0.778571	5.000000	775	0.396129	0.434000	0.460427	
710	0.419718	128	0.242188	162	0.771605	5.000000	710	0.419718	0.454000	0.460413	
717	0.440725	141	0.262411	142	0.739437	5.000000	717	0.440725	0.458000	0.460408	
727	0.434663	118	0.161017	155	0.819355	5.000000	727	0.434663	0.462000	0.460412	
737	0.449118	117	0.145299	146	0.684932	5.000000	737	0.449118	0.448000	0.460385	
725	0.460690	131	0.251908	144	0.715278	5.000000	725	0.460690	0.470000	0.460405	
705	0.451064	139	0.223022	156	0.756410	5.000000	705	0.451064	0.467000	0.460420	
720	0.483333	112	0.241071	168	0.738095	5.000000	720	0.483333	0.499000	0.460502	
718	0.433148	147	0.306122	135	0.800000	5.000000	718	0.433148	0.464000	0.460510	
715	0.448951	132	0.204545	153	0.751634	5.000000	715	0.448951	0.463000	0.460515	
684	0.428363	140	0.257143	176	0.812500	5.000000	684	0.428363	0.472000	0.460539	
733	0.446112	124	0.209677	143	0.832168	5.000000	733	0.446112	0.472000	0.460564	
723	0.466113	136	0.183824	141	0.702128	5.000000	723	0.466113	0.461000	0.460565	
734	0.472752	131	0.274809	135	0.770370	5.000000	734	0.472752	0.487000	0.460621	
723	0.446750	143	0.195804	134	0.716418	5.000000	723	0.446750	0.447000	0.460592	
726	0.403581	116	0.241379	158	0.797468	5.000000	726	0.403581	0.447000	0.460563	
707	0.458274	133	0.142857	160	0.693750	5.000000	707	0.458274	0.454000	0.460549	
735	0.387755	130	0.253846	135	0.718519	5.000000	735	0.387755	0.415000	0.460454	
748	0.466578	112	0.214286	140	0.764286	5.000000	748	0.466578	0.480000	0.460495	
717	0.440725	130	0.223077	153	0.790850	5.000000	717	0.440725	0.466000	0.460506	
729	0.421125	134	0.216418	137	0.722628	5.000000	729	0.421125	0.435000	0.460453	
731	0.474692	123	0.178862	146	0.780822	5.000000	731	0.474692	0.483000	0.460500	
710	0.428169	140	0.278571	150	0.713333	5.000000	710	0.428169	0.450000	0.460478	
710	0.439437	99	0.292929	191	0.659686	5.000000	710	0.439437	0.467000	0.460492	
734	0.456403	117	0.196581	149	0.691275	5.000000	734	0.456403	0.461000	0.460493	
717	0.446304	123	0.252033	160	0.756250	5.000000	717	0.446304	0.472000	0.460517	
723	0.441217	130	0.207692	147	0.693878	5.000000	723	0.441217	0.448000	0.460491	
731	0.428181	122	0.229508	147	0.768707	5.000000	731	0.428181	0.454000	0.460477	
744	0.412634	128	0.171875	128	0.781250	5.000000	744	0.412634	0.429000	0.460413	
734	0.429155	109	0.174312	157	0.687898	5.000000	734	0.429155	0.442000	0.460375	
734	0.420981	116	0.181034	150	0.786667	5.000000	734	0.420981	0.448000	0.460350	
760	0.460526	104	0.230769	136	0.794118	5.000000	760	0.460526	0.482000	0.460394	
727	0.475928	112	0.258929	161	0.708075	5.000000	727	0.475928	0.489000	0.460452	
738	0.429539	131	0.213740	131	0.732824	5.000000	738	0.429539	0.441000	0.460413	
721	0.436893	122	0.319672	157	0.757962	5.000000	721	0.436893	0.473000	0.460438	
726	0.468320	125	0.224000	149	0.671141	5.000000	726	0.468320	0.468000	0.460454	
673	0.430906	154	0.207792	173	0.757225	5.000000	673	0.430906	0.453000	0.460439	
719	0.393602	119	0.142857	162	0.691358	5.000000	719	0.393602	0.412000	0.460341	
735	0.397279	103	0.262136	162	0.722222	5.000000	735	0.397279	0.436000	0.460292	
711	0.461322	123	0.146341	166	0.704819	5.000000	711	0.461322	0.463000	0.460298	
706	0.446176	115	0.252174	179	0.770950	5.000000	706	0.446176	0.482000	0.460341	
729	0.463649	123	0.178862	148	0.790541	5.000000	729	0.463649	0.477000	0.460374	
745	0.457718	106	0.198113	149	0.697987	5.000000	745	0.457718	0.466000	0.460386	
712	0.459270	134	0.216418	154	0.720779	5.000000	712	0.459270	0.467000	0.460399	
738	0.430894	129	0.201550	133	0.661654	5.000000	738	0.430894	0.432000	0.460342	
728	0.449176	125	0.200000	147	0.768707	5.000000	728	0.449176	0.465000	0.460352	
729	0.466392	125	0.184000	146	0.780822	5.000000	729	0.466392	0.477000	0.460384	
687	0.403202	142	0.288732	171	0.736842	5.000000	687	0.403202	0.444000	0.460352	
744	0.451613	110	0.263636	146	0.739726	5.000000	744	0.451613	0.473000	0.460377	
730	0.494521	137	0.240876	133	0.714286	5.000000	730	0.494521	0.489000	0.460433	
747	0.428380	106	0.216981	147	0.755102	5.000000	747	0.428380	0.454000	0.460421	
727	0.431912	105	0.285714	168	0.750000	5.000000	727	0.431912	0.470000	0.460439	
702	0.417379	125	0.272000	173	0.797688	5.000000	702	0.417379	0.465000	0.460448	
735	0.432653	98	0.183673	167	0.778443	5.000000	735	0.432653	0.466000	0.460459	
752	0.462766	112	0.160714	136	0.764706	5.000000	752	0.462766	0.470000	0.460478	
760	0.432895	106	0.235849	134	0.835821	5.000000	760	0.432895	0.466000	0.460488	
763	0.445609	93	0.161290	144	0.812500	5.000000	763	0.445609	0.472000	0.460511	
743	0.432032	118	0.271186	139	0.791367	5.000000	743	0.432032	0.463000	0.460516	
703	0.456615	130	0.200000	167	0.676647	5.000000	703	0.456615	0.460000	0.460515	
743	0.425303	120	0.191667	137	0.635036	5.000000	743	0.425303	0.426000	0.460448	
707	0.420085	138	0.224638	155	0.754839	5.000000	707	0.420085	0.445000	0.460418	
759	0.451910	105	0.200000	136	0.742647	5.000000	759	0.451910	0.465000	0.460427	
748	0.446524	103	0.262136	149	0.664430	5.000000	748	0.446524	0.460000	0.460426	
738	0.424119	119	0.226891	143	0.741259	5.000000	738	0.424119	0.446000	0.460399	
740	0.432432	106	0.198113	154	0.792208	5.000000	740	0.432432	0.463000	0.460404	
744	0.434140	113	0.221239	143	0.685315	5.000000	744	0.434140	0.446000	0.460376	
729	0.412894	115	0.208696	156	0.724359	5.000000	729	0.412894	0.438000	0.460334	
730	0.421918	121	0.264463	149	0.671141	5.000000	730	0.421918	0.440000	0.460295	
724	0.399171	105	0.266667	171	0.742690	5.000000	724	0.399171	0.444000	0.460264	
748	0.453209	110	0.236364	142	0.753521	5.000000	748	0.453209	0.472000	0.460286	
724	0.446133	105	0.200000	171	0.754386	5.000000	724	0.446133	0.473000	0.460310	
735	0.423129	138	0.195652	127	0.724409	5.000000	735	0.423129	0.430000	0.460253	
725	0.445517	112	0.160714	163	0.754601	5.000000	725	0.445517	0.464000	0.460260	
716	0.445531	132	0.196970	152	0.782895	5.000000	716	0.445531	0.464000	0.460267	
703	0.463727	138	0.311594	159	0.805031	5.000000	703	0.463727	0.497000	0.460336	
742	0.456873	122	0.163934	136	0.786765	5.000000	742	0.456873	0.466000	0.460347	
723	0.426003	124	0.193548	153	0.712418	5.000000	723	0.426003	0.441000	0.460311	
739	0.435724	110	0.218182	151	0.688742	5.000000	739	0.435724	0.450000	0.460292	
737	0.447761	117	0.273504	146	0.753425	5.000000	737	0.447761	0.472000	0.460313	
707	0.468175	124	0.250000	169	0.692308	5.000000	707	0.468175	0.479000	0.460348	
700	0.424286	122	0.163934	178	0.730337	5.000000	700	0.424286	0.447000	0.460323	
685	0.468613	145	0.165517	170	0.770588	5.000000	685	0.468613	0.476000	0.460352	
756	0.448413	113	0.265487	131	0.679389	5.000000	756	0.448413	0.458000	0.460348	
754	0.404509	94	0.265957	152	0.769737	5.000000	754	0.404509	0.447000	0.460323	
726	0.428375	119	0.218487	155	0.716129	5.000000	726	0.428375	0.448000	0.460301	
741	0.423752	101	0.198020	158	0.740506	5.000000	741	0.423752	0.451000	0.460284	
724	0.432320	121	0.165289	155	0.651613	5.000000	724	0.432320	0.434000	0.460235	
754	0.433687	112	0.241071	134	0.731343	5.000000	754	0.433687	0.452000	0.460220	
698	0.439828	112	0.241071	190	0.715789	5.000000	698	0.439828	0.470000	0.460238	
700	0.412857	129	0.232558	171	0.742690	5.000000	700	0.412857	0.446000	0.460212	
736	0.448370	126	0.182540	138	0.688406	5.000000	736	0.448370	0.448000	0.460190	
769	0.452536	116	0.232759	115	0.747826	5.000000	769	0.452536	0.461000	0.460192	
733	0.418827	104	0.201923	163	0.705521	5.000000	733	0.418827	0.443000	0.460160	
729	0.443073	124	0.201613	147	0.741497	5.000000	729	0.443073	0.457000	0.460155	
735	0.440816	125	0.240000	140	0.785714	5.000000	735	0.440816	0.464000	0.460162	
709	0.430183	132	0.204545	159	0.735849	5.000000	709	0.430183	0.449000	0.460142	
719	0.446453	125	0.288000	156	0.743590	5.000000	719	0.446453	0.473000	0.460165	
724	0.425414	119	0.243697	157	0.840764	5.000000	724	0.425414	0.469000	0.460181	
742	0.454178	112	0.160714	146	0.705479	5.000000	742	0.454178	0.458000	0.460177	
738	0.420054	114	0.298246	148	0.662162	5.000000	738	0.420054	0.442000	0.460144	
742	0.421833	117	0.230769	141	0.780142	5.000000	742	0.421833	0.450000	0.460126	
728	0.418956	121	0.231405	151	0.768212	5.000000	728	0.418956	0.449000	0.460106	
737	0.424695	135	0.207407	128	0.734375	5.000000	737	0.424695	0.435000	0.460061	
719	0.426982	118	0.177966	163	0.748466	5.000000	719	0.426982	0.450000	0.460044	
708	0.439266	128	0.281250	164	0.731707	5.000000	708	0.439266	0.467000	0.460056	
732	0.398907	119	0.235294	149	0.785235	5.000000	732	0.398907	0.437000	0.460015	
709	0.468265	136	0.272059	155	0.793548	5.000000	709	0.468265	0.492000	0.460072	
725	0.433103	113	0.221239	162	0.790123	5.000000	725	0.433103	0.467000	0.460084	
705	0.434043	128	0.257812	167	0.748503	5.000000	705	0.434043	0.464000	0.460091	
738	0.433604	102	0.245098	160	0.775000	5.000000	738	0.433604	0.469000	0.460106	
709	0.451340	117	0.188034	174	0.770115	5.000000	709	0.451340	0.476000	0.460134	
733	0.467940	115	0.286957	152	0.763158	5.000000	733	0.467940	0.492000	0.460190	
697	0.411765	138	0.224638	165	0.769697	5.000000	697	0.411765	0.445000	0.460164	
720	0.447222	118	0.237288	162	0.753086	5.000000	720	0.447222	0.472000	0.460184	
749	0.465955	115	0.234783	136	0.772059	5.000000	749	0.465955	0.481000	0.460220	
732	0.467213	125	0.168000	143	0.755245	5.000000	732	0.467213	0.471000	0.460239	
768	0.438802	91	0.241758	141	0.765957	5.000000	768	0.438802	0.467000	0.460251	
735	0.435374	129	0.209302	136	0.735294	5.000000	735	0.435374	0.447000	0.460228	
706	0.405099	139	0.237410	155	0.612903	5.000000	706	0.405099	0.414000	0.460148	
717	0.436541	126	0.222222	157	0.764331	5.000000	717	0.436541	0.461000	0.460149	
721	0.445215	135	0.229630	144	0.763889	5.000000	721	0.445215	0.462000	0.460153	
734	0.446866	118	0.228814	148	0.763514	5.000000	734	0.446866	0.468000	0.460166	
752	0.412234	110	0.218182	138	0.782609	5.000000	752	0.412234	0.442000	0.460135	
733	0.427012	111	0.288288	156	0.705128	5.000000	733	0.427012	0.455000	0.460126	
721	0.442441	134	0.194030	145	0.751724	5.000000	721	0.442441	0.454000	0.460116	
746	0.438338	111	0.216216	143	0.713287	5.000000	746	0.438338	0.453000	0.460103	
725	0.416552	130	0.246154	145	0.751724	5.000000	725	0.416552	0.443000	0.460074	
739	0.438430	134	0.231343	127	0.677165	5.000000	739	0.438430	0.441000	0.460042	
699	0.452074	133	0.248120	168	0.726190	5.000000	699	0.452074	0.471000	0.460060	
721	0.485437	129	0.271318	150	0.740000	5.000000	721	0.485437	0.496000	0.460121	
735	0.410884	130	0.215385	135	0.748148	5.000000	735	0.410884	0.431000	0.460072	
711	0.455696	124	0.290323	165	0.727273	5.000000	711	0.455696	0.480000	0.460106	
705	0.418440	120	0.241667	175	0.685714	5.000000	705	0.418440	0.444000	0.460079	
727	0.458047	129	0.162791	144	0.777778	5.000000	727	0.458047	0.466000	0.460089	
731	0.458276	120	0.233333	149	0.711409	5.000000	731	0.458276	0.469000	0.460104	
741	0.418354	128	0.312500	131	0.740458	5.000000	741	0.418354	0.447000	0.460082	
729	0.440329	119	0.184874	152	0.743421	5.000000	729	0.440329	0.456000	0.460075	
757	0.414795	109	0.211009	134	0.776119	5.000000	757	0.414795	0.441000	0.460043	
739	0.443843	122	0.188525	139	0.748201	5.000000	739	0.443843	0.455000	0.460034	
726	0.435262	112	0.241071	162	0.759259	5.000000	726	0.435262	0.466000	0.460044	
740	0.463514	112	0.169643	148	0.709459	5.000000	740	0.463514	0.467000	0.460056	
689	0.439768	125	0.208000	186	0.720430	5.000000	689	0.439768	0.463000	0.460061	
746	0.436997	117	0.205128	137	0.766423	5.000000	746	0.436997	0.455000	0.460052	
778	0.460154	93	0.258065	129	0.798450	5.000000	778	0.460154	0.485000	0.460094	
723	0.420470	133	0.157895	144	0.763889	5.000000	723	0.420470	0.435000	0.460052	
745	0.455034	109	0.211009	146	0.719178	5.000000	745	0.455034	0.467000	0.460064	
717	0.391911	133	0.270677	150	0.820000	5.000000	717	0.391911	0.440000	0.460031	
723	0.442600	117	0.247863	160	0.768750	5.000000	723	0.442600	0.472000	0.460050	
731	0.445964	113	0.230088	156	0.801282	5.000000	731	0.445964	0.477000	0.460078	
733	0.431105	133	0.263158	134	0.805970	5.000000	733	0.431105	0.459000	0.460076	
758	0.444591	110	0.218182	132	0.727273	5.000000	758	0.444591	0.457000	0.460071	
695	0.506475	117	0.170940	188	0.712766	5.000000	695	0.506475	0.506000	0.460147	
749	0.506008	93	0.204301	158	0.702532	5.000000	749	0.506008	0.509000	0.460226	
736	0.426630	107	0.177570	157	0.707006	5.000000	736	0.426630	0.444000	0.460200	
734	0.385559	117	0.205128	149	0.771812	5.000000	734	0.385559	0.422000	0.460138	
729	0.456790	128	0.148438	143	0.678322	5.000000	729	0.456790	0.449000	0.460120	
715	0.433566	117	0.213675	168	0.803571	5.000000	715	0.433566	0.470000	0.460136	
756	0.384921	104	0.240385	140	0.742857	5.000000	756	0.384921	0.420000	0.460071	
747	0.416332	108	0.240741	145	0.668966	5.000000	747	0.416332	0.434000	0.460028	
739	0.447903	126	0.253968	135	0.696296	5.000000	739	0.447903	0.457000	0.460023	
725	0.412414	132	0.272727	143	0.769231	5.000000	725	0.412414	0.445000	0.459999	
717	0.422594	128	0.250000	155	0.748387	5.000000	717	0.422594	0.451000	0.459985	
754	0.405836	107	0.271028	139	0.726619	5.000000	754	0.405836	0.436000	0.459946	
733	0.402456	107	0.214953	160	0.762500	5.000000	733	0.402456	0.440000	0.459914	
735	0.444898	127	0.291339	138	0.768116	5.000000	735	0.444898	0.470000	0.459930	
729	0.444444	131	0.137405	140	0.750000	5.000000	729	0.444444	0.447000	0.459910	
720	0.423611	122	0.278689	158	0.708861	5.000000	720	0.423611	0.451000	0.459895	
706	0.461756	143	0.195804	151	0.754967	5.000000	706	0.461756	0.468000	0.459908	
724	0.426796	138	0.282609	138	0.746377	5.000000	724	0.426796	0.451000	0.459894	
730	0.483562	118	0.262712	152	0.743421	5.000000	730	0.483562	0.497000	0.459953	
724	0.454420	107	0.308411	169	0.769231	5.000000	724	0.454420	0.492000	0.460004	
709	0.444288	125	0.216000	166	0.746988	5.000000	709	0.444288	0.466000	0.460014	
729	0.411523	106	0.141509	165	0.787879	5.000000	729	0.411523	0.445000	0.459990	
751	0.438083	103	0.242718	146	0.712329	5.000000	751	0.438083	0.458000	0.459987	
734	0.416894	114	0.245614	152	0.769737	5.000000	734	0.416894	0.451000	0.459972	
745	0.417450	121	0.214876	134	0.813433	5.000000	745	0.417450	0.446000	0.459950	
741	0.465587	113	0.159292	146	0.753425	5.000000	741	0.465587	0.473000	0.459971	
742	0.428571	115	0.226087	143	0.783217	5.000000	742	0.428571	0.456000	0.459965	
750	0.436000	119	0.218487	131	0.763359	5.000000	750	0.436000	0.453000	0.459954	
751	0.411451	103	0.242718	146	0.773973	5.000000	751	0.411451	0.447000	0.459934	
718	0.433148	139	0.237410	143	0.790210	5.000000	718	0.433148	0.457000	0.459929	
718	0.462396	125	0.224000	157	0.802548	5.000000	718	0.462396	0.486000	0.459970	
696	0.445402	134	0.223881	170	0.811765	5.000000	696	0.445402	0.478000	0.459998	
730	0.461644	112	0.285714	158	0.721519	5.000000	730	0.461644	0.483000	0.460033	
737	0.443691	127	0.228346	136	0.757353	5.000000	737	0.443691	0.459000	0.460032	
746	0.453083	121	0.272727	133	0.804511	5.000000	746	0.453083	0.478000	0.460060	
729	0.414266	111	0.288288	160	0.762500	5.000000	729	0.414266	0.456000	0.460053	
730	0.463014	121	0.198347	149	0.738255	5.000000	730	0.463014	0.472000	0.460072	
730	0.471233	129	0.263566	141	0.730496	5.000000	730	0.471233	0.481000	0.460104	
725	0.433103	144	0.222222	131	0.748092	5.000000	725	0.433103	0.444000	0.460079	
727	0.473177	128	0.234375	145	0.751724	5.000000	727	0.473177	0.483000	0.460115	
720	0.455556	133	0.210526	147	0.748299	5.000000	720	0.455556	0.466000	0.460124	
712	0.446629	123	0.211382	165	0.727273	5.000000	712	0.446629	0.464000	0.460130	
755	0.438411	120	0.166667	125	0.816000	5.000000	755	0.438411	0.453000	0.460119	
711	0.455696	128	0.273438	161	0.745342	5.000000	711	0.455696	0.479000	0.460148	
711	0.420534	132	0.250000	157	0.719745	5.000000	711	0.420534	0.445000	0.460124	
746	0.430295	119	0.218487	135	0.711111	5.000000	746	0.430295	0.443000	0.460098	
744	0.448925	113	0.168142	143	0.734266	5.000000	744	0.448925	0.458000	0.460095	
735	0.459864	111	0.252252	154	0.733766	5.000000	735	0.459864	0.479000	0.460124	
717	0.430962	127	0.267717	156	0.743590	5.000000	717	0.430962	0.459000	0.460122	
721	0.434119	133	0.210526	146	0.650685	5.000000	721	0.434119	0.436000	0.460086	
706	0.440510	122	0.229508	172	0.645349	5.000000	706	0.440510	0.450000	0.460070	
725	0.416552	115	0.260870	160	0.768750	5.000000	725	0.416552	0.455000	0.460063	
721	0.464632	120	0.325000	159	0.761006	5.000000	721	0.464632	0.495000	0.460115	
700	0.441429	122	0.221311	178	0.758427	5.000000	700	0.441429	0.471000	0.460132	
705	0.482270	132	0.272727	163	0.803681	5.000000	705	0.482270	0.507000	0.460202	
726	0.450413	134	0.208955	140	0.771429	5.000000	726	0.450413	0.463000	0.460207	
688	0.411337	139	0.237410	173	0.768786	5.000000	688	0.411337	0.449000	0.460190	
720	0.444444	139	0.251799	141	0.758865	5.000000	720	0.444444	0.462000	0.460192	
698	0.454155	144	0.201389	158	0.797468	5.000000	698	0.454155	0.472000	0.460210	
710	0.471831	119	0.176471	171	0.748538	5.000000	710	0.471831	0.484000	0.460246	
715	0.465734	98	0.285714	187	0.791444	5.000000	715	0.465734	0.509000	0.460318	
720	0.448611	130	0.230769	150	0.720000	5.000000	720	0.448611	0.461000	0.460319	
710	0.456338	137	0.262774	153	0.705882	5.000000	710	0.456338	0.468000	0.460331	
703	0.480797	145	0.227586	152	0.756579	5.000000	703	0.480797	0.486000	0.460369	
707	0.449788	123	0.235772	170	0.829412	5.000000	707	0.449788	0.488000	0.460410	
745	0.451007	109	0.201835	146	0.767123	5.000000	745	0.451007	0.470000	0.460424	
738	0.452575	115	0.200000	147	0.721088	5.000000	738	0.452575	0.463000	0.460428	
751	0.475366	107	0.168224	142	0.760563	5.000000	751	0.475366	0.483000	0.460461	
747	0.457831	120	0.200000	133	0.751880	5.000000	747	0.457831	0.466000	0.460469	
737	0.450475	110	0.200000	153	0.692810	5.000000	737	0.450475	0.460000	0.460468	
726	0.460055	115	0.200000	159	0.792453	5.000000	726	0.460055	0.483000	0.460502	
736	0.460598	130	0.253846	134	0.656716	5.000000	736	0.460598	0.460000	0.460501	
756	0.443122	112	0.178571	132	0.757576	5.000000	756	0.443122	0.455000	0.460493	
765	0.490196	116	0.232759	119	0.731092	5.000000	765	0.490196	0.489000	0.460534	
712	0.433989	149	0.228188	139	0.812950	5.000000	712	0.433989	0.456000	0.460528	
753	0.432935	109	0.165138	138	0.702899	5.000000	753	0.432935	0.441000	0.460499	
728	0.424451	114	0.192982	158	0.753165	5.000000	728	0.424451	0.450000	0.460484	
706	0.420680	148	0.290541	146	0.753425	5.000000	706	0.420680	0.450000	0.460469	
715	0.420979	133	0.278195	152	0.769737	5.000000	715	0.420979	0.455000	0.460461	
736	0.444293	117	0.222222	147	0.761905	5.000000	736	0.444293	0.465000	0.460467	
737	0.487110	116	0.163793	147	0.721088	5.000000	737	0.487110	0.484000	0.460502	
697	0.428981	129	0.333333	174	0.718391	5.000000	697	0.428981	0.467000	0.460511	
707	0.445545	128	0.234375	165	0.806061	5.000000	707	0.445545	0.478000	0.460536	
748	0.466578	103	0.203883	149	0.751678	5.000000	748	0.466578	0.482000	0.460567	
756	0.432540	101	0.118812	143	0.699301	5.000000	756	0.432540	0.439000	0.460536	
745	0.455034	117	0.196581	138	0.717391	5.000000	745	0.455034	0.461000	0.460537	
739	0.443843	129	0.186047	132	0.803030	5.000000	739	0.443843	0.458000	0.460533	
736	0.444293	137	0.226277	127	0.803150	5.000000	736	0.444293	0.460000	0.460532	
727	0.433287	126	0.253968	147	0.802721	5.000000	727	0.433287	0.465000	0.460539	
723	0.450899	115	0.269565	162	0.777778	5.000000	723	0.450899	0.483000	0.460571	
747	0.472557	113	0.292035	140	0.750000	5.000000	747	0.472557	0.491000	0.460614	
711	0.464135	132	0.265152	157	0.700637	5.000000	711	0.464135	0.475000	0.460635	
720	0.443056	136	0.213235	144	0.743056	5.000000	720	0.443056	0.455000	0.460627	
722	0.437673	137	0.211679	141	0.695035	5.000000	722	0.437673	0.443000	0.460602	
704	0.416193	129	0.201550	167	0.760479	5.000000	704	0.416193	0.446000	0.460581	
768	0.449219	107	0.280374	125	0.752000	5.000000	768	0.449219	0.469000	0.460593	
733	0.458390	134	0.246269	133	0.736842	5.000000	733	0.458390	0.467000	0.460602	
735	0.451701	131	0.259542	134	0.768657	5.000000	735	0.451701	0.469000	0.460614	
711	0.478200	131	0.236641	158	0.759494	5.000000	711	0.478200	0.491000	0.460657	
715	0.478322	136	0.183824	149	0.805369	5.000000	715	0.478322	0.487000	0.460694	
712	0.425562	122	0.229508	166	0.728916	5.000000	712	0.425562	0.452000	0.460681	
732	0.459016	121	0.140496	147	0.748299	5.000000	732	0.459016	0.463000	0.460685	
744	0.436828	129	0.186047	127	0.763780	5.000000	744	0.436828	0.446000	0.460664	
755	0.435762	113	0.176991	132	0.787879	5.000000	755	0.435762	0.453000	0.460653	
740	0.416216	122	0.204918	138	0.710145	5.000000	740	0.416216	0.431000	0.460612	
733	0.407913	114	0.219298	153	0.777778	5.000000	733	0.407913	0.443000	0.460587	
723	0.464730	125	0.232000	152	0.750000	5.000000	723	0.464730	0.479000	0.460613	
742	0.436658	113	0.203540	145	0.724138	5.000000	742	0.436658	0.452000	0.460601	
725	0.456552	120	0.150000	155	0.780645	5.000000	725	0.456552	0.470000	0.460614	
715	0.469930	123	0.243902	162	0.820988	5.000000	715	0.469930	0.499000	0.460667	
732	0.409836	116	0.198276	152	0.710526	5.000000	732	0.409836	0.431000	0.460626	
736	0.472826	102	0.254902	162	0.709877	5.000000	736	0.472826	0.489000	0.460666	
747	0.444444	97	0.154639	156	0.762821	5.000000	747	0.444444	0.466000	0.460673	
730	0.450685	111	0.144144	159	0.742138	5.000000	730	0.450685	0.463000	0.460676	
682	0.470674	142	0.197183	176	0.761364	5.000000	682	0.470674	0.483000	0.460707	
705	0.442553	125	0.192000	170	0.747059	5.000000	705	0.442553	0.463000	0.460710	
729	0.467764	119	0.193277	152	0.703947	5.000000	729	0.467764	0.471000	0.460724	
743	0.405114	124	0.177419	133	0.781955	5.000000	743	0.405114	0.427000	0.460678	
716	0.437151	142	0.260563	142	0.683099	5.000000	716	0.437151	0.447000	0.460659	
712	0.414326	127	0.212598	161	0.763975	5.000000	712	0.414326	0.445000	0.460638	
734	0.444142	104	0.221154	162	0.703704	5.000000	734	0.444142	0.463000	0.460641	
736	0.432065	110	0.236364	154	0.714286	5.000000	736	0.432065	0.454000	0.460632	
742	0.444744	113	0.238938	145	0.696552	5.000000	742	0.444744	0.458000	0.460628	
720	0.452778	105	0.228571	175	0.760000	5.000000	720	0.452778	0.483000	0.460659	
721	0.452150	141	0.170213	138	0.717391	5.000000	721	0.452150	0.449000	0.460643	
728	0.465659	139	0.266187	133	0.759398	5.000000	728	0.465659	0.477000	0.460665	
728	0.451923	142	0.253521	130	0.761538	5.000000	728	0.451923	0.464000	0.460670	
742	0.477089	115	0.200000	143	0.720280	5.000000	742	0.477089	0.480000	0.460696	
732	0.438525	130	0.246154	138	0.673913	5.000000	732	0.438525	0.446000	0.460676	
689	0.471698	151	0.218543	160	0.787500	5.000000	689	0.471698	0.484000	0.460707	
741	0.450742	114	0.201754	145	0.751724	5.000000	741	0.450742	0.466000	0.460715	
733	0.424284	117	0.213675	150	0.780000	5.000000	733	0.424284	0.453000	0.460704	
720	0.472222	128	0.187500	152	0.789474	5.000000	720	0.472222	0.484000	0.460736	
714	0.436975	126	0.293651	160	0.731250	5.000000	714	0.436975	0.466000	0.460743	
732	0.467213	132	0.219697	136	0.757353	5.000000	732	0.467213	0.474000	0.460760	
729	0.430727	112	0.276786	159	0.805031	5.000000	729	0.430727	0.473000	0.460777	
735	0.450340	113	0.176991	152	0.822368	5.000000	735	0.450340	0.476000	0.460797	
740	0.427027	123	0.292683	137	0.817518	5.000000	740	0.427027	0.464000	0.460802	
745	0.413423	98	0.295918	157	0.732484	5.000000	745	0.413423	0.452000	0.460790	
717	0.447699	112	0.241071	171	0.789474	5.000000	717	0.447699	0.483000	0.460819	
717	0.456067	118	0.228814	165	0.751515	5.000000	717	0.456067	0.478000	0.460842	
733	0.444748	105	0.295238	162	0.685185	5.000000	733	0.444748	0.468000	0.460852	
738	0.443089	114	0.192982	148	0.743243	5.000000	738	0.443089	0.459000	0.460849	
737	0.430122	135	0.214815	128	0.664062	5.000000	737	0.430122	0.431000	0.460810	
746	0.458445	122	0.229508	132	0.689394	5.000000	746	0.458445	0.461000	0.460810	
753	0.450199	115	0.173913	132	0.803030	5.000000	753	0.450199	0.465000	0.460816	
755	0.456954	104	0.192308	141	0.780142	5.000000	755	0.456954	0.475000	0.460834	
740	0.460811	104	0.182692	156	0.756410	5.000000	740	0.460811	0.478000	0.460857	
752	0.428191	112	0.285714	136	0.801471	5.000000	752	0.428191	0.463000	0.460860	
712	0.443820	122	0.188525	166	0.722892	5.000000	712	0.443820	0.459000	0.460857	
713	0.446003	147	0.244898	140	0.742857	5.000000	713	0.446003	0.458000	0.460854	
727	0.403026	109	0.183486	164	0.743902	5.000000	727	0.403026	0.435000	0.460820	
719	0.467316	121	0.223140	160	0.787500	5.000000	719	0.467316	0.489000	0.460857	
726	0.457300	118	0.135593	156	0.705128	5.000000	726	0.457300	0.458000	0.460853	
720	0.422222	136	0.169118	144	0.618056	5.000000	720	0.422222	0.416000	0.460794	
714	0.429972	120	0.266667	166	0.783133	5.000000	714	0.429972	0.469000	0.460805	
699	0.444921	130	0.292308	171	0.801170	5.000000	699	0.444921	0.486000	0.460838	
719	0.411683	121	0.280992	160	0.750000	5.000000	719	0.411683	0.450000	0.460824	
738	0.460705	113	0.300885	149	0.785235	5.000000	738	0.460705	0.491000	0.460863	
706	0.437677	147	0.231293	147	0.775510	5.000000	706	0.437677	0.457000	0.460858	
711	0.473980	131	0.183206	158	0.765823	5.000000	711	0.473980	0.482000	0.460885	
704	0.440341	137	0.270073	159	0.654088	5.000000	704	0.440341	0.451000	0.460872	
719	0.445063	121	0.173554	160	0.706250	5.000000	719	0.445063	0.454000	0.460864	
755	0.475497	119	0.159664	126	0.809524	5.000000	755	0.475497	0.480000	0.460888	
713	0.424965	144	0.305556	143	0.741259	5.000000	713	0.424965	0.453000	0.460878	
718	0.455432	128	0.250000	154	0.759740	5.000000	718	0.455432	0.476000	0.460898	
705	0.465248	136	0.205882	159	0.767296	5.000000	705	0.465248	0.478000	0.460920	
725	0.449655	130	0.238462	145	0.703448	5.000000	725	0.449655	0.459000	0.460917	
759	0.445323	116	0.163793	125	0.824000	5.000000	759	0.445323	0.460000	0.460916	
727	0.466300	112	0.205357	161	0.763975	5.000000	727	0.466300	0.485000	0.460947	
743	0.456258	98	0.183673	159	0.792453	5.000000	743	0.456258	0.483000	0.460975	
742	0.420485	105	0.304762	153	0.764706	5.000000	742	0.420485	0.461000	0.460975	
717	0.414226	130	0.246154	153	0.816993	5.000000	717	0.414226	0.454000	0.460966	
728	0.427198	138	0.181159	134	0.753731	5.000000	728	0.427198	0.437000	0.460936	
721	0.474341	133	0.278195	146	0.698630	5.000000	721	0.474341	0.481000	0.460961	
735	0.446259	134	0.253731	131	0.748092	5.000000	735	0.446259	0.460000	0.460960	
742	0.401617	107	0.224299	151	0.834437	5.000000	742	0.401617	0.448000	0.460944	
757	0.433289	104	0.230769	139	0.841727	5.000000	757	0.433289	0.469000	0.460954	
717	0.464435	135	0.288889	148	0.777027	5.000000	717	0.464435	0.487000	0.460987	
735	0.462585	120	0.233333	145	0.806897	5.000000	735	0.462585	0.485000	0.461017	
748	0.463904	109	0.211009	143	0.790210	5.000000	748	0.463904	0.483000	0.461045	
732	0.489071	123	0.219512	145	0.806897	5.000000	732	0.489071	0.502000	0.461097	
726	0.446281	113	0.203540	161	0.801242	5.000000	726	0.446281	0.476000	0.461115	
748	0.427807	125	0.192000	127	0.732283	5.000000	748	0.427807	0.437000	0.461085	
763	0.437746	101	0.247525	136	0.676471	5.000000	763	0.437746	0.451000	0.461072	
753	0.455511	119	0.268908	128	0.765625	5.000000	753	0.455511	0.473000	0.461087	
722	0.437673	122	0.221311	156	0.775641	5.000000	722	0.437673	0.464000	0.461091	
733	0.425648	120	0.175000	147	0.843537	5.000000	733	0.425648	0.457000	0.461086	
720	0.425000	140	0.278571	140	0.814286	5.000000	720	0.425000	0.459000	0.461083	
724	0.440608	111	0.234234	165	0.715152	5.000000	724	0.440608	0.463000	0.461086	
749	0.440587	123	0.162602	128	0.820312	5.000000	749	0.440587	0.455000	0.461078	
726	0.428375	122	0.204918	152	0.828947	5.000000	726	0.428375	0.462000	0.461079	
701	0.435093	133	0.255639	166	0.765060	5.000000	701	0.435093	0.466000	0.461085	
745	0.438926	125	0.248000	130	0.630769	5.000000	745	0.438926	0.440000	0.461059	
743	0.454913	114	0.157895	143	0.755245	5.000000	743	0.454913	0.464000	0.461063	
737	0.476255	118	0.220339	145	0.772414	5.000000	737	0.476255	0.489000	0.461097	
746	0.441019	125	0.296000	129	0.790698	5.000000	746	0.441019	0.468000	0.461106	
726	0.435262	127	0.251969	147	0.755102	5.000000	726	0.435262	0.459000	0.461103	
737	0.447761	119	0.226891	144	0.708333	5.000000	737	0.447761	0.459000	0.461101	
740	0.421622	100	0.140000	160	0.718750	5.000000	740	0.421622	0.441000	0.461076	
703	0.399716	158	0.227848	139	0.755396	5.000000	703	0.399716	0.422000	0.461028	
721	0.442441	116	0.267241	163	0.858896	5.000000	721	0.442441	0.490000	0.461063	
684	0.419591	141	0.248227	175	0.760000	5.000000	684	0.419591	0.455000	0.461056	
724	0.412983	119	0.201681	157	0.770701	5.000000	724	0.412983	0.444000	0.461035	
742	0.423181	103	0.242718	155	0.651613	5.000000	742	0.423181	0.440000	0.461009	
718	0.416435	130	0.138462	152	0.736842	5.000000	718	0.416435	0.429000	0.460970	
724	0.453039	134	0.149254	142	0.711268	5.000000	724	0.453039	0.449000	0.460955	
728	0.453297	122	0.163934	150	0.706667	5.000000	728	0.453297	0.456000	0.460949	
729	0.425240	131	0.152672	140	0.785714	5.000000	729	0.425240	0.440000	0.460924	
723	0.445367	131	0.267176	146	0.746575	5.000000	723	0.445367	0.466000	0.460930	
725	0.467586	124	0.225806	151	0.715232	5.000000	725	0.467586	0.475000	0.460947	
708	0.430791	133	0.210526	159	0.748428	5.000000	708	0.430791	0.452000	0.460936	
704	0.487216	129	0.248062	167	0.772455	5.000000	704	0.487216	0.504000	0.460989	
719	0.431154	131	0.251908	150	0.740000	5.000000	719	0.431154	0.454000	0.460980	
721	0.409154	125	0.304000	154	0.746753	5.000000	721	0.409154	0.448000	0.460964	
725	0.470345	126	0.230159	149	0.744966	5.000000	725	0.470345	0.481000	0.460989	
758	0.437995	102	0.186275	140	0.728571	5.000000	758	0.437995	0.453000	0.460979	
712	0.488764	123	0.170732	165	0.818182	5.000000	712	0.488764	0.504000	0.461031	
719	0.443672	123	0.227642	158	0.759494	5.000000	719	0.443672	0.467000	0.461038	
741	0.430499	113	0.283186	146	0.732877	5.000000	741	0.430499	0.458000	0.461034	
719	0.442281	127	0.267717	154	0.753247	5.000000	719	0.442281	0.468000	0.461043	
734	0.427793	113	0.194690	153	0.758170	5.000000	734	0.427793	0.452000	0.461032	
733	0.436562	102	0.235294	165	0.733333	5.000000	733	0.436562	0.465000	0.461037	
722	0.445983	112	0.142857	166	0.849398	5.000000	722	0.445983	0.479000	0.461058	
725	0.438621	122	0.270492	153	0.751634	5.000000	725	0.438621	0.466000	0.461064	
728	0.413462	123	0.260163	149	0.805369	5.000000	728	0.413462	0.453000	0.461054	
745	0.433557	102	0.313725	153	0.790850	5.000000	745	0.433557	0.476000	0.461072	
726	0.468320	123	0.178862	151	0.781457	5.000000	726	0.468320	0.480000	0.461095	
719	0.432545	134	0.298507	147	0.761905	5.000000	719	0.432545	0.463000	0.461097	
715	0.426573	123	0.227642	162	0.666667	5.000000	715	0.426573	0.441000	0.461073	
755	0.401325	122	0.172131	123	0.764228	5.000000	755	0.401325	0.418000	0.461022	
715	0.461538	126	0.190476	159	0.786164	5.000000	715	0.461538	0.479000	0.461043	
744	0.405914	122	0.139344	134	0.776119	5.000000	744	0.405914	0.423000	0.460998	
741	0.439946	121	0.214876	138	0.782609	5.000000	741	0.439946	0.460000	0.460997	
716	0.427374	128	0.265625	156	0.705128	5.000000	716	0.427374	0.450000	0.460984	
737	0.438263	108	0.222222	155	0.761290	5.000000	737	0.438263	0.465000	0.460989	
728	0.436813	119	0.252101	153	0.771242	5.000000	728	0.436813	0.466000	0.460995	
728	0.457418	122	0.196721	150	0.726667	5.000000	728	0.457418	0.466000	0.461001	
745	0.421477	131	0.244275	124	0.782258	5.000000	745	0.421477	0.443000	0.460979	
724	0.432320	117	0.273504	159	0.761006	5.000000	724	0.432320	0.466000	0.460985	
729	0.414266	137	0.270073	134	0.738806	5.000000	729	0.414266	0.438000	0.460958	
760	0.430263	102	0.225490	138	0.724638	5.000000	760	0.430263	0.450000	0.460945	
708	0.435028	137	0.343066	155	0.787097	5.000000	708	0.435028	0.477000	0.460964	
732	0.407104	109	0.247706	159	0.716981	5.000000	732	0.407104	0.439000	0.460939	
751	0.447403	105	0.209524	144	0.687500	5.000000	751	0.447403	0.457000	0.460934	
709	0.428773	121	0.206612	170	0.788235	5.000000	709	0.428773	0.463000	0.460936	
751	0.419441	114	0.298246	135	0.718519	5.000000	751	0.419441	0.446000	0.460919	
709	0.399154	133	0.240602	158	0.835443	5.000000	709	0.399154	0.447000	0.460903	
719	0.374131	120	0.250000	161	0.732919	5.000000	719	0.374131	0.417000	0.460852	
715	0.437762	130	0.292308	155	0.735484	5.000000	715	0.437762	0.465000	0.460856	
702	0.403134	137	0.240876	161	0.801242	5.000000	702	0.403134	0.445000	0.460838	
712	0.410112	130	0.192308	158	0.715190	5.000000	712	0.410112	0.430000	0.460802	
720	0.433333	124	0.241935	156	0.730769	5.000000	720	0.433333	0.456000	0.460797	
732	0.423497	118	0.228814	150	0.780000	5.000000	732	0.423497	0.454000	0.460789	
729	0.473251	130	0.161538	141	0.716312	5.000000	729	0.473251	0.467000	0.460796	
716	0.448324	133	0.203008	151	0.774834	5.000000	716	0.448324	0.465000	0.460801	
730	0.393151	112	0.223214	158	0.753165	5.000000	730	0.393151	0.431000	0.460766	
690	0.434783	149	0.281879	161	0.782609	5.000000	690	0.434783	0.468000	0.460775	
725	0.394483	135	0.237037	140	0.835714	5.000000	725	0.394483	0.435000	0.460745	
733	0.417462	132	0.181818	135	0.785185	5.000000	733	0.417462	0.436000	0.460717	
724	0.448895	123	0.235772	153	0.758170	5.000000	724	0.448895	0.470000	0.460727	
725	0.457931	125	0.176000	150	0.746667	5.000000	725	0.457931	0.466000	0.460733	
721	0.428571	115	0.121739	164	0.731707	5.000000	721	0.428571	0.443000	0.460713	
720	0.466667	104	0.211538	176	0.738636	5.000000	720	0.466667	0.488000	0.460744	
771	0.451362	109	0.146789	120	0.741667	5.000000	771	0.451362	0.453000	0.460735	
741	0.443995	105	0.209524	154	0.759740	5.000000	741	0.443995	0.468000	0.460744	
711	0.448664	129	0.240310	160	0.725000	5.000000	711	0.448664	0.466000	0.460750	
725	0.428966	119	0.226891	156	0.788462	5.000000	725	0.428966	0.461000	0.460750	
705	0.422695	136	0.183824	159	0.805031	5.000000	705	0.422695	0.451000	0.460739	
743	0.484522	92	0.217391	165	0.836364	5.000000	743	0.484522	0.518000	0.460804	
695	0.447482	147	0.129252	158	0.702532	5.000000	695	0.447482	0.441000	0.460782	
739	0.476319	111	0.234234	150	0.680000	5.000000	739	0.476319	0.480000	0.460803	
715	0.475524	131	0.221374	154	0.785714	5.000000	715	0.475524	0.490000	0.460836	
731	0.487004	135	0.177778	134	0.664179	5.000000	731	0.487004	0.469000	0.460846	
715	0.458741	127	0.149606	158	0.746835	5.000000	715	0.458741	0.465000	0.460850	
729	0.438957	116	0.155172	155	0.793548	5.000000	729	0.438957	0.461000	0.460850	
758	0.441953	123	0.178862	119	0.697479	5.000000	758	0.441953	0.440000	0.460827	
707	0.408769	115	0.269565	178	0.702247	5.000000	707	0.408769	0.445000	0.460809	
763	0.422018	103	0.291262	134	0.761194	5.000000	763	0.422018	0.454000	0.460802	
725	0.444138	118	0.237288	157	0.815287	5.000000	725	0.444138	0.478000	0.460821	
746	0.454424	108	0.277778	146	0.746575	5.000000	746	0.454424	0.478000	0.460840	
718	0.437326	142	0.246479	140	0.721429	5.000000	718	0.437326	0.450000	0.460828	
730	0.446575	122	0.245902	148	0.709459	5.000000	730	0.446575	0.461000	0.460828	
721	0.439667	129	0.201550	150	0.780000	5.000000	721	0.439667	0.460000	0.460827	
761	0.408673	92	0.228261	147	0.789116	5.000000	761	0.408673	0.448000	0.460813	
723	0.445367	116	0.198276	161	0.757764	5.000000	723	0.445367	0.467000	0.460820	
735	0.412245	100	0.170000	165	0.800000	5.000000	735	0.412245	0.452000	0.460810	
713	0.465638	133	0.315789	154	0.766234	5.000000	713	0.465638	0.492000	0.460845	
716	0.400838	121	0.140496	163	0.705521	5.000000	716	0.400838	0.419000	0.460798	
719	0.461752	129	0.279070	152	0.723684	5.000000	719	0.461752	0.478000	0.460817	
730	0.427397	114	0.210526	156	0.782051	5.000000	730	0.427397	0.458000	0.460814	
734	0.422343	124	0.209677	142	0.809859	5.000000	734	0.422343	0.451000	0.460803	
727	0.456671	110	0.236364	163	0.730061	5.000000	727	0.456671	0.477000	0.460821	
702	0.440171	137	0.218978	161	0.757764	5.000000	702	0.440171	0.461000	0.460821	
707	0.408769	129	0.232558	164	0.798780	5.000000	707	0.408769	0.450000	0.460809	
729	0.438957	115	0.252174	156	0.717949	5.000000	729	0.438957	0.461000	0.460810	
723	0.456432	120	0.258333	157	0.668790	5.000000	723	0.456432	0.466000	0.460815	
736	0.432065	127	0.173228	137	0.737226	5.000000	736	0.432065	0.441000	0.460794	
730	0.487671	116	0.146552	154	0.727273	5.000000	730	0.487671	0.485000	0.460820	
736	0.423913	122	0.303279	142	0.823944	5.000000	736	0.423913	0.466000	0.460826	
698	0.454155	122	0.229508	180	0.772222	5.000000	698	0.454155	0.484000	0.460851	
741	0.434548	116	0.232759	143	0.818182	5.000000	741	0.434548	0.466000	0.460857	
731	0.433653	124	0.193548	145	0.737931	5.000000	731	0.433653	0.448000	0.460843	
732	0.412568	122	0.204918	146	0.595890	5.000000	732	0.412568	0.414000	0.460792	
738	0.405149	118	0.161017	144	0.666667	5.000000	738	0.405149	0.414000	0.460740	
733	0.470668	116	0.181034	151	0.774834	5.000000	733	0.470668	0.483000	0.460765	
711	0.451477	118	0.211864	171	0.818713	5.000000	711	0.451477	0.486000	0.460792	
737	0.426052	106	0.122642	157	0.605096	5.000000	737	0.426052	0.422000	0.460750	
737	0.449118	108	0.212963	155	0.767742	5.000000	737	0.449118	0.473000	0.460763	
733	0.417462	119	0.243697	148	0.743243	5.000000	733	0.417462	0.445000	0.460746	
731	0.456908	114	0.201754	155	0.806452	5.000000	731	0.456908	0.482000	0.460769	
730	0.449315	126	0.285714	144	0.680556	5.000000	730	0.449315	0.462000	0.460771	
718	0.448468	131	0.282443	151	0.788079	5.000000	718	0.448468	0.478000	0.460789	
738	0.428184	122	0.311475	140	0.750000	5.000000	738	0.428184	0.459000	0.460787	
750	0.448000	114	0.175439	136	0.838235	5.000000	750	0.448000	0.470000	0.460797	
717	0.446304	112	0.330357	171	0.760234	5.000000	717	0.446304	0.487000	0.460826	
727	0.451169	118	0.228814	155	0.819355	5.000000	727	0.451169	0.482000	0.460848	
744	0.427419	126	0.190476	130	0.776923	5.000000	744	0.427419	0.443000	0.460829	
712	0.452247	130	0.253846	158	0.740506	5.000000	712	0.452247	0.472000	0.460841	
758	0.445910	114	0.175439	128	0.789062	5.000000	758	0.445910	0.459000	0.460839	
710	0.435211	147	0.204082	143	0.769231	5.000000	710	0.435211	0.449000	0.460827	
713	0.443198	124	0.185484	163	0.730061	5.000000	713	0.443198	0.458000	0.460824	
717	0.446304	122	0.221311	161	0.788820	5.000000	717	0.446304	0.474000	0.460838	
719	0.443672	127	0.212598	154	0.707792	5.000000	719	0.443672	0.455000	0.460831	
714	0.429972	119	0.243697	167	0.724551	5.000000	714	0.429972	0.457000	0.460827	
704	0.441761	109	0.256881	187	0.748663	5.000000	704	0.441761	0.479000	0.460847	
733	0.452933	117	0.205128	150	0.740000	5.000000	733	0.452933	0.467000	0.460853	
715	0.423776	116	0.250000	169	0.710059	5.000000	715	0.423776	0.452000	0.460844	
770	0.449351	121	0.173554	109	0.825688	5.000000	770	0.449351	0.457000	0.460840	
721	0.417476	115	0.269565	164	0.768293	5.000000	721	0.417476	0.458000	0.460837	
698	0.451289	132	0.136364	170	0.752941	5.000000	698	0.451289	0.461000	0.460837	
713	0.391304	146	0.219178	141	0.716312	5.000000	713	0.391304	0.412000	0.460785	
715	0.425175	128	0.265625	157	0.853503	5.000000	715	0.425175	0.472000	0.460797	
737	0.436906	134	0.223881	129	0.751938	5.000000	737	0.436906	0.449000	0.460784	
734	0.485014	118	0.262712	148	0.729730	5.000000	734	0.485014	0.495000	0.460821	
731	0.470588	122	0.204918	147	0.707483	5.000000	731	0.470588	0.473000	0.460834	
743	0.450875	119	0.201681	138	0.760870	5.000000	743	0.450875	0.464000	0.460837	
724	0.443370	125	0.240000	151	0.748344	5.000000	724	0.443370	0.464000	0.460840	
711	0.423347	126	0.198413	163	0.766871	5.000000	711	0.423347	0.451000	0.460830	
755	0.417219	102	0.225490	143	0.741259	5.000000	755	0.417219	0.444000	0.460812	
727	0.447043	124	0.282258	149	0.852349	5.000000	727	0.447043	0.487000	0.460840	
740	0.433784	115	0.321739	145	0.751724	5.000000	740	0.433784	0.467000	0.460846	
747	0.441767	115	0.260870	138	0.826087	5.000000	747	0.441767	0.474000	0.460860	
699	0.459227	130	0.238462	171	0.730994	5.000000	699	0.459227	0.477000	0.460877	
761	0.432326	119	0.243697	120	0.750000	5.000000	761	0.432326	0.448000	0.460863	
712	0.460674	145	0.234483	143	0.762238	5.000000	712	0.460674	0.471000	0.460874	
744	0.463710	110	0.118182	146	0.746575	5.000000	744	0.463710	0.467000	0.460880	
745	0.432215	119	0.218487	136	0.727941	5.000000	745	0.432215	0.447000	0.460866	
698	0.485673	142	0.225352	160	0.725000	5.000000	698	0.485673	0.487000	0.460893	
698	0.474212	133	0.157895	169	0.751479	5.000000	698	0.474212	0.479000	0.460912	
737	0.421981	110	0.318182	153	0.732026	5.000000	737	0.421981	0.458000	0.460909	
781	0.468630	79	0.215190	140	0.735714	5.000000	781	0.468630	0.486000	0.460935	
738	0.464770	126	0.253968	136	0.742647	5.000000	738	0.464770	0.476000	0.460951	
736	0.414402	102	0.215686	162	0.697531	5.000000	736	0.414402	0.440000	0.460929	
732	0.461749	119	0.285714	149	0.798658	5.000000	732	0.461749	0.491000	0.460960	
719	0.453408	121	0.297521	160	0.825000	5.000000	719	0.453408	0.494000	0.460994	
753	0.458167	110	0.209091	137	0.759124	5.000000	753	0.458167	0.472000	0.461006	
702	0.465812	131	0.251908	167	0.784431	5.000000	702	0.465812	0.491000	0.461037	
746	0.406166	113	0.194690	141	0.815603	5.000000	746	0.406166	0.440000	0.461015	
716	0.420391	151	0.145695	133	0.691729	5.000000	716	0.420391	0.415000	0.460968	
735	0.446259	121	0.198347	144	0.715278	5.000000	735	0.446259	0.455000	0.460961	
750	0.448000	115	0.217391	135	0.711111	5.000000	750	0.448000	0.457000	0.460957	
731	0.476060	139	0.230216	130	0.646154	5.000000	731	0.476060	0.464000	0.460960	
725	0.424828	129	0.178295	146	0.705479	5.000000	725	0.424828	0.434000	0.460933	
718	0.431755	123	0.219512	159	0.761006	5.000000	718	0.431755	0.458000	0.460930	
708	0.420904	135	0.170370	157	0.687898	5.000000	708	0.420904	0.429000	0.460897	
727	0.405777	118	0.186441	155	0.729032	5.000000	727	0.405777	0.430000	0.460865	
728	0.409341	109	0.311927	163	0.742331	5.000000	728	0.409341	0.453000	0.460857	
702	0.462963	135	0.311111	163	0.730061	5.000000	702	0.462963	0.486000	0.460883	
742	0.440701	109	0.256881	149	0.731544	5.000000	742	0.440701	0.464000	0.460886	
719	0.438108	127	0.251969	154	0.759740	5.000000	719	0.438108	0.464000	0.460889	
737	0.428765	126	0.246032	137	0.824818	5.000000	737	0.428765	0.460000	0.460889	
743	0.441454	101	0.267327	156	0.788462	5.000000	743	0.441454	0.478000	0.460906	
719	0.442281	121	0.165289	160	0.725000	5.000000	719	0.442281	0.454000	0.460899	
734	0.429155	135	0.170370	131	0.740458	5.000000	734	0.429155	0.435000	0.460873	
715	0.444755	127	0.173228	158	0.740506	5.000000	715	0.444755	0.457000	0.460869	
712	0.422753	139	0.215827	149	0.731544	5.000000	712	0.422753	0.440000	0.460848	
729	0.433471	136	0.227941	135	0.814815	5.000000	729	0.433471	0.457000	0.460844	
724	0.433702	118	0.254237	158	0.753165	5.000000	724	0.433702	0.463000	0.460846	
724	0.461326	116	0.189655	160	0.768750	5.000000	724	0.461326	0.479000	0.460864	
723	0.471646	129	0.186047	148	0.824324	5.000000	723	0.471646	0.487000	0.460891	
753	0.418327	112	0.142857	135	0.859259	5.000000	753	0.418327	0.447000	0.460877	
737	0.389417	119	0.235294	144	0.722222	5.000000	737	0.389417	0.419000	0.460834	
707	0.390382	126	0.269841	167	0.736527	5.000000	707	0.390382	0.433000	0.460806	
721	0.481276	139	0.201439	140	0.778571	5.000000	721	0.481276	0.484000	0.460830	
733	0.444748	124	0.346774	143	0.748252	5.000000	733	0.444748	0.476000	0.460845	
704	0.404830	127	0.314961	169	0.751479	5.000000	704	0.404830	0.452000	0.460836	
702	0.467236	136	0.264706	162	0.771605	5.000000	702	0.467236	0.489000	0.460864	
728	0.418956	129	0.224806	143	0.776224	5.000000	728	0.418956	0.445000	0.460848	
715	0.420979	131	0.244275	154	0.707792	5.000000	715	0.420979	0.442000	0.460830	
748	0.473262	108	0.203704	144	0.791667	5.000000	748	0.473262	0.490000	0.460859	
728	0.434066	124	0.258065	148	0.736486	5.000000	728	0.434066	0.457000	0.460855	
702	0.451567	130	0.276923	168	0.708333	5.000000	702	0.451567	0.472000	0.460866	
718	0.428969	140	0.164286	142	0.746479	5.000000	718	0.428969	0.437000	0.460842	
724	0.429558	120	0.241667	156	0.807692	5.000000	724	0.429558	0.466000	0.460847	
724	0.455801	119	0.252101	157	0.770701	5.000000	724	0.455801	0.481000	0.460867	
739	0.439783	105	0.200000	156	0.775641	5.000000	739	0.439783	0.467000	0.460873	
715	0.448951	125	0.224000	160	0.781250	5.000000	715	0.448951	0.474000	0.460886	
739	0.447903	104	0.201923	157	0.687898	5.000000	739	0.447903	0.460000	0.460886	
725	0.482759	128	0.273438	147	0.741497	5.000000	725	0.482759	0.494000	0.460918	
