Rate	71.43
Rev Jump	14.29
Tree Move	14.29
Rate Tried	% Accepted	Rev Jump Tried	% Accepted	Tree Move Tried	% Accepted	Rates - Dev	Rates - Tried	Rates - Accepted	Sample Ave Acceptance	Total Ave Acceptance	
709	0.454161	120	0.166667	171	0.649123	5.000000	709	0.454161	0.453000	0.456049	
700	0.458571	134	0.231343	166	0.759036	5.000000	700	0.458571	0.478000	0.457879	
748	0.431818	108	0.222222	144	0.777778	5.000000	748	0.431818	0.459000	0.457965	
715	0.390210	125	0.232000	160	0.762500	5.000000	715	0.390210	0.430000	0.455967	
711	0.433193	123	0.268293	166	0.704819	5.000000	711	0.433193	0.458000	0.456103	
733	0.396999	113	0.212389	154	0.759740	5.000000	733	0.396999	0.432000	0.454597	
761	0.432326	102	0.254902	137	0.744526	5.000000	761	0.432326	0.457000	0.454738	
729	0.403292	107	0.158879	164	0.707317	5.000000	729	0.403292	0.427000	0.453197	
737	0.440977	109	0.275229	154	0.727273	5.000000	737	0.440977	0.467000	0.453923	
748	0.447861	110	0.181818	142	0.816901	5.000000	748	0.447861	0.471000	0.454777	
720	0.441667	119	0.218487	161	0.795031	5.000000	720	0.441667	0.472000	0.455597	
705	0.453901	127	0.188976	168	0.755952	5.000000	705	0.453901	0.471000	0.456297	
704	0.443182	135	0.185185	161	0.770186	5.000000	704	0.443182	0.461000	0.456502	
732	0.441257	122	0.237705	146	0.671233	5.000000	732	0.441257	0.450000	0.456231	
765	0.477124	109	0.137615	126	0.753968	5.000000	765	0.477124	0.475000	0.456982	
737	0.440977	99	0.202020	164	0.743902	5.000000	737	0.440977	0.467000	0.457367	
726	0.414601	144	0.194444	130	0.807692	5.000000	726	0.414601	0.434000	0.456502	
721	0.449376	133	0.240602	146	0.821918	5.000000	721	0.449376	0.476000	0.457198	
745	0.461745	109	0.284404	146	0.671233	5.000000	745	0.461745	0.473000	0.457743	
748	0.486631	105	0.238095	147	0.714286	5.000000	748	0.486631	0.494000	0.458951	
719	0.439499	107	0.252336	174	0.816092	5.000000	719	0.439499	0.485000	0.459792	
738	0.437669	116	0.206897	146	0.712329	5.000000	738	0.437669	0.451000	0.459517	
764	0.472513	88	0.170455	148	0.750000	5.000000	764	0.472513	0.487000	0.460350	
711	0.428973	120	0.216667	169	0.757396	5.000000	711	0.428973	0.459000	0.460310	
734	0.429155	102	0.215686	164	0.786585	5.000000	734	0.429155	0.466000	0.460473	
703	0.406828	123	0.276423	174	0.718391	5.000000	703	0.406828	0.445000	0.460043	
715	0.465734	134	0.238806	151	0.821192	5.000000	715	0.465734	0.489000	0.460825	
726	0.466942	148	0.128378	126	0.714286	5.000000	726	0.466942	0.448000	0.460488	
738	0.449864	120	0.225000	142	0.809859	5.000000	738	0.449864	0.474000	0.460834	
714	0.456583	141	0.163121	145	0.717241	5.000000	714	0.456583	0.453000	0.460638	
712	0.453652	125	0.280000	163	0.693252	5.000000	712	0.453652	0.471000	0.460891	
717	0.414226	133	0.203008	150	0.666667	5.000000	717	0.414226	0.424000	0.460013	
726	0.462810	99	0.181818	175	0.765714	5.000000	726	0.462810	0.488000	0.460664	
730	0.457534	99	0.242424	171	0.807018	5.000000	730	0.457534	0.496000	0.461467	
720	0.454167	121	0.165289	159	0.704403	5.000000	720	0.454167	0.459000	0.461412	
712	0.462079	126	0.150794	162	0.796296	5.000000	712	0.462079	0.477000	0.461751	
715	0.439161	123	0.260163	162	0.783951	5.000000	715	0.439161	0.473000	0.461990	
727	0.452545	135	0.229630	138	0.724638	5.000000	727	0.452545	0.460000	0.461949	
703	0.436700	140	0.200000	157	0.757962	5.000000	703	0.436700	0.454000	0.461786	
731	0.445964	120	0.258333	149	0.805369	5.000000	731	0.445964	0.477000	0.462091	
755	0.452980	95	0.210526	150	0.840000	5.000000	755	0.452980	0.488000	0.462599	
745	0.426846	105	0.190476	150	0.686667	5.000000	745	0.426846	0.441000	0.462183	
757	0.453104	107	0.261682	136	0.823529	5.000000	757	0.453104	0.483000	0.462576	
732	0.423497	127	0.275591	141	0.751773	5.000000	732	0.423497	0.451000	0.462362	
747	0.444444	105	0.285714	148	0.716216	5.000000	747	0.444444	0.468000	0.462464	
735	0.429932	115	0.226087	150	0.706667	5.000000	735	0.429932	0.448000	0.462206	
724	0.432320	130	0.192308	146	0.746575	5.000000	724	0.432320	0.447000	0.461939	
749	0.441923	110	0.263636	141	0.716312	5.000000	749	0.441923	0.461000	0.461923	
761	0.396846	105	0.238095	134	0.746269	5.000000	761	0.396846	0.427000	0.461331	
724	0.440608	131	0.221374	145	0.834483	5.000000	724	0.440608	0.469000	0.461459	
726	0.415978	121	0.239669	153	0.718954	5.000000	726	0.415978	0.441000	0.461124	
687	0.446870	145	0.158621	168	0.744048	5.000000	687	0.446870	0.455000	0.461025	
744	0.466398	108	0.231481	148	0.702703	5.000000	744	0.466398	0.476000	0.461263	
727	0.500688	125	0.152000	148	0.695946	5.000000	727	0.500688	0.486000	0.461649	
691	0.406657	134	0.283582	175	0.748571	5.000000	691	0.406657	0.450000	0.461470	
699	0.413448	151	0.264901	150	0.680000	5.000000	699	0.413448	0.431000	0.461008	
727	0.458047	112	0.223214	161	0.757764	5.000000	727	0.458047	0.480000	0.461292	
708	0.456215	110	0.172727	182	0.686813	5.000000	708	0.456215	0.467000	0.461376	
749	0.443258	115	0.295652	136	0.683824	5.000000	749	0.443258	0.459000	0.461341	
744	0.420699	131	0.221374	125	0.744000	5.000000	744	0.420699	0.435000	0.460965	
724	0.406077	129	0.193798	147	0.673469	5.000000	724	0.406077	0.418000	0.460360	
700	0.458571	132	0.189394	168	0.815476	5.000000	700	0.458571	0.483000	0.460674	
707	0.475248	127	0.244094	166	0.777108	5.000000	707	0.475248	0.496000	0.461158	
714	0.431373	121	0.239669	165	0.727273	5.000000	714	0.431373	0.457000	0.461102	
717	0.454672	108	0.185185	175	0.754286	5.000000	717	0.454672	0.478000	0.461327	
749	0.417891	115	0.191304	136	0.691176	5.000000	749	0.417891	0.429000	0.460902	
752	0.438830	92	0.184783	156	0.698718	5.000000	752	0.438830	0.456000	0.460838	
746	0.427614	93	0.161290	161	0.807453	5.000000	746	0.427614	0.464000	0.460879	
734	0.440054	125	0.264000	141	0.730496	5.000000	734	0.440054	0.459000	0.460855	
715	0.444755	134	0.134328	151	0.715232	5.000000	715	0.444755	0.444000	0.460644	
718	0.469359	131	0.244275	151	0.774834	5.000000	718	0.469359	0.486000	0.460957	
730	0.460274	119	0.302521	151	0.741722	5.000000	730	0.460274	0.484000	0.461238	
730	0.442466	128	0.226562	142	0.704225	5.000000	730	0.442466	0.452000	0.461127	
718	0.487465	131	0.229008	151	0.761589	5.000000	718	0.487465	0.495000	0.461530	
726	0.471074	120	0.166667	154	0.623377	5.000000	726	0.471074	0.458000	0.461489	
725	0.456552	127	0.220472	148	0.756757	5.000000	725	0.456552	0.471000	0.461599	
711	0.450070	147	0.183673	142	0.830986	5.000000	711	0.450070	0.465000	0.461638	
722	0.425208	130	0.246154	148	0.736486	5.000000	722	0.425208	0.448000	0.461483	
727	0.427785	109	0.220183	164	0.731707	5.000000	727	0.427785	0.455000	0.461411	
701	0.435093	115	0.226087	184	0.673913	5.000000	701	0.435093	0.455000	0.461339	
708	0.436441	121	0.181818	171	0.836257	5.000000	708	0.436441	0.474000	0.461478	
719	0.449235	130	0.176923	151	0.794702	5.000000	719	0.449235	0.466000	0.461528	
728	0.446429	109	0.183486	163	0.693252	5.000000	728	0.446429	0.458000	0.461490	
711	0.454290	131	0.251908	158	0.588608	5.000000	711	0.454290	0.449000	0.461357	
768	0.455729	102	0.205882	130	0.738462	5.000000	768	0.455729	0.467000	0.461416	
714	0.429972	119	0.201681	167	0.748503	5.000000	714	0.429972	0.456000	0.461360	
739	0.407307	103	0.223301	158	0.721519	5.000000	739	0.407307	0.438000	0.461119	
745	0.456376	126	0.261905	129	0.728682	5.000000	745	0.456376	0.467000	0.461179	
765	0.432680	104	0.192308	131	0.786260	5.000000	765	0.432680	0.454000	0.461106	
727	0.453920	109	0.155963	164	0.768293	5.000000	727	0.453920	0.473000	0.461225	
691	0.438495	141	0.297872	168	0.738095	5.000000	691	0.438495	0.469000	0.461302	
720	0.418056	126	0.261905	154	0.714286	5.000000	720	0.418056	0.444000	0.461133	
732	0.487705	128	0.257812	140	0.814286	5.000000	732	0.487705	0.504000	0.461549	
740	0.455405	104	0.201923	156	0.750000	5.000000	740	0.455405	0.475000	0.461678	
733	0.422920	127	0.307087	140	0.792857	5.000000	733	0.422920	0.460000	0.461662	
734	0.419619	122	0.245902	144	0.722222	5.000000	734	0.419619	0.442000	0.461477	
727	0.422283	128	0.179688	145	0.744828	5.000000	727	0.422283	0.438000	0.461257	
743	0.434724	120	0.250000	137	0.715328	5.000000	743	0.434724	0.451000	0.461162	
746	0.411528	110	0.181818	144	0.722222	5.000000	746	0.411528	0.431000	0.460886	
693	0.441558	126	0.206349	181	0.707182	5.000000	693	0.441558	0.460000	0.460878	
717	0.432357	121	0.214876	162	0.783951	5.000000	717	0.432357	0.463000	0.460897	
719	0.420028	131	0.282443	150	0.720000	5.000000	719	0.420028	0.447000	0.460773	
739	0.483085	109	0.302752	152	0.730263	5.000000	739	0.483085	0.501000	0.461129	
748	0.433155	113	0.292035	139	0.791367	5.000000	748	0.433155	0.467000	0.461180	
704	0.487216	129	0.255814	167	0.790419	5.000000	704	0.487216	0.508000	0.461587	
715	0.450350	132	0.242424	153	0.718954	5.000000	715	0.450350	0.464000	0.461608	
712	0.442416	125	0.248000	163	0.730061	5.000000	712	0.442416	0.465000	0.461637	
708	0.468927	131	0.221374	161	0.683230	5.000000	708	0.468927	0.471000	0.461716	
739	0.474966	133	0.398496	128	0.773438	5.000000	739	0.474966	0.503000	0.462063	
705	0.465248	137	0.218978	158	0.784810	5.000000	705	0.465248	0.482000	0.462229	
746	0.461126	109	0.247706	145	0.751724	5.000000	746	0.461126	0.480000	0.462376	
716	0.477654	149	0.114094	135	0.681481	5.000000	716	0.477654	0.451000	0.462283	
696	0.423851	134	0.283582	170	0.764706	5.000000	696	0.423851	0.463000	0.462289	
747	0.432396	109	0.183486	144	0.680556	5.000000	747	0.432396	0.441000	0.462117	
701	0.483595	148	0.229730	151	0.821192	5.000000	701	0.483595	0.497000	0.462396	
675	0.456296	150	0.213333	175	0.760000	5.000000	675	0.456296	0.473000	0.462480	
709	0.455571	136	0.183824	155	0.851613	5.000000	709	0.455571	0.480000	0.462618	
698	0.457020	130	0.138462	172	0.703488	5.000000	698	0.457020	0.458000	0.462582	
757	0.410832	110	0.200000	133	0.759398	5.000000	757	0.410832	0.434000	0.462361	
730	0.469863	104	0.173077	166	0.734940	5.000000	730	0.469863	0.483000	0.462520	
746	0.432976	80	0.200000	174	0.741379	5.000000	746	0.432976	0.468000	0.462561	
741	0.423752	109	0.220183	150	0.706667	5.000000	741	0.423752	0.444000	0.462421	
702	0.397436	146	0.280822	152	0.730263	5.000000	702	0.397436	0.431000	0.462184	
731	0.433653	118	0.271186	151	0.768212	5.000000	731	0.433653	0.465000	0.462206	
740	0.466216	123	0.219512	137	0.766423	5.000000	740	0.466216	0.477000	0.462315	
717	0.419805	126	0.325397	157	0.751592	5.000000	717	0.419805	0.460000	0.462298	
711	0.465541	108	0.259259	181	0.690608	5.000000	711	0.465541	0.484000	0.462456	
758	0.427441	105	0.257143	137	0.620438	5.000000	758	0.427441	0.436000	0.462265	
705	0.429787	134	0.231343	161	0.795031	5.000000	705	0.429787	0.462000	0.462263	
736	0.425272	132	0.212121	132	0.734848	5.000000	736	0.425272	0.438000	0.462090	
732	0.465847	123	0.268293	145	0.710345	5.000000	732	0.465847	0.477000	0.462195	
717	0.483961	134	0.305970	149	0.738255	5.000000	717	0.483961	0.498000	0.462447	
743	0.417227	112	0.223214	145	0.731034	5.000000	743	0.417227	0.441000	0.462297	
749	0.412550	109	0.284404	142	0.704225	5.000000	749	0.412550	0.440000	0.462143	
692	0.471098	120	0.241667	188	0.760638	5.000000	692	0.471098	0.498000	0.462390	
734	0.434605	107	0.121495	159	0.716981	5.000000	734	0.434605	0.446000	0.462278	
730	0.447945	129	0.201550	141	0.751773	5.000000	730	0.447945	0.459000	0.462255	
740	0.472973	103	0.242718	157	0.789809	5.000000	740	0.472973	0.499000	0.462504	
727	0.464924	117	0.213675	156	0.762821	5.000000	727	0.464924	0.482000	0.462634	
748	0.482620	107	0.289720	145	0.855172	5.000000	748	0.482620	0.516000	0.462990	
747	0.453815	111	0.198198	142	0.830986	5.000000	747	0.453815	0.479000	0.463096	
717	0.428173	130	0.276923	153	0.790850	5.000000	717	0.428173	0.464000	0.463102	
730	0.439726	118	0.220339	152	0.743421	5.000000	730	0.439726	0.460000	0.463082	
728	0.449176	126	0.269841	146	0.753425	5.000000	728	0.449176	0.471000	0.463133	
723	0.439834	116	0.181034	161	0.788820	5.000000	723	0.439834	0.466000	0.463152	
704	0.485795	126	0.206349	170	0.776471	5.000000	704	0.485795	0.500000	0.463388	
718	0.484680	131	0.297710	151	0.794702	5.000000	718	0.484680	0.507000	0.463666	
704	0.478693	128	0.250000	168	0.708333	5.000000	704	0.478693	0.488000	0.463820	
728	0.449176	133	0.180451	139	0.697842	5.000000	728	0.449176	0.448000	0.463720	
739	0.472260	128	0.273438	133	0.759398	5.000000	739	0.472260	0.485000	0.463853	
733	0.435198	129	0.279070	138	0.746377	5.000000	733	0.435198	0.458000	0.463817	
744	0.474462	112	0.160714	144	0.770833	5.000000	744	0.474462	0.482000	0.463929	
743	0.445491	99	0.242424	158	0.759494	5.000000	743	0.445491	0.475000	0.463997	
739	0.437077	106	0.301887	155	0.716129	5.000000	739	0.437077	0.466000	0.464009	
710	0.428169	138	0.253623	152	0.796053	5.000000	710	0.428169	0.460000	0.463985	
738	0.466125	114	0.166667	148	0.804054	5.000000	738	0.466125	0.482000	0.464094	
734	0.445504	137	0.211679	129	0.744186	5.000000	734	0.445504	0.452000	0.464021	
745	0.441611	117	0.170940	138	0.782609	5.000000	745	0.441611	0.457000	0.463979	
722	0.429363	125	0.168000	153	0.797386	5.000000	722	0.429363	0.453000	0.463914	
728	0.480769	121	0.173554	151	0.774834	5.000000	728	0.480769	0.488000	0.464056	
728	0.447802	137	0.284672	135	0.800000	5.000000	728	0.447802	0.473000	0.464108	
703	0.419630	140	0.228571	157	0.757962	5.000000	703	0.419630	0.446000	0.464003	
722	0.451524	115	0.243478	163	0.742331	5.000000	722	0.451524	0.475000	0.464067	
719	0.393602	115	0.156522	166	0.783133	5.000000	719	0.393602	0.431000	0.463877	
708	0.471751	139	0.251799	153	0.803922	5.000000	708	0.471751	0.492000	0.464037	
733	0.487040	123	0.284553	144	0.687500	5.000000	733	0.487040	0.491000	0.464191	
764	0.462042	99	0.242424	137	0.759124	5.000000	764	0.462042	0.481000	0.464286	
711	0.475387	128	0.171875	161	0.813665	5.000000	711	0.475387	0.491000	0.464436	
741	0.417004	105	0.247619	154	0.772727	5.000000	741	0.417004	0.454000	0.464377	
747	0.421687	109	0.146789	144	0.763889	5.000000	747	0.421687	0.441000	0.464247	
744	0.435484	106	0.188679	150	0.786667	5.000000	744	0.435484	0.462000	0.464235	
723	0.450899	142	0.232394	135	0.733333	5.000000	723	0.450899	0.458000	0.464201	
731	0.448700	127	0.228346	142	0.788732	5.000000	731	0.448700	0.469000	0.464227	
732	0.423497	114	0.236842	154	0.720779	5.000000	732	0.423497	0.448000	0.464139	
737	0.430122	101	0.277228	162	0.709877	5.000000	737	0.430122	0.460000	0.464116	
725	0.475862	118	0.194915	157	0.751592	5.000000	725	0.475862	0.486000	0.464234	
722	0.429363	128	0.171875	150	0.753333	5.000000	722	0.429363	0.445000	0.464131	
711	0.447257	143	0.272727	146	0.726027	5.000000	711	0.447257	0.463000	0.464125	
734	0.426431	120	0.216667	146	0.760274	5.000000	734	0.426431	0.450000	0.464050	
722	0.479224	120	0.241667	158	0.759494	5.000000	722	0.479224	0.495000	0.464213	
743	0.442799	110	0.236364	147	0.782313	5.000000	743	0.442799	0.470000	0.464244	
743	0.456258	123	0.203252	134	0.828358	5.000000	743	0.456258	0.475000	0.464300	
718	0.405292	144	0.270833	138	0.768116	5.000000	718	0.405292	0.436000	0.464153	
715	0.423776	125	0.232000	160	0.731250	5.000000	715	0.423776	0.449000	0.464075	
722	0.454294	117	0.145299	161	0.751553	5.000000	722	0.454294	0.466000	0.464085	
728	0.478022	124	0.250000	148	0.810811	5.000000	728	0.478022	0.499000	0.464263	
742	0.463612	100	0.190000	158	0.664557	5.000000	742	0.463612	0.468000	0.464282	
749	0.452603	118	0.237288	133	0.691729	5.000000	749	0.452603	0.459000	0.464255	
720	0.427778	149	0.275168	131	0.702290	5.000000	720	0.427778	0.441000	0.464138	
738	0.436314	116	0.206897	146	0.801370	5.000000	738	0.436314	0.463000	0.464133	
745	0.436242	112	0.223214	143	0.783217	5.000000	745	0.436242	0.462000	0.464122	
761	0.452037	95	0.273684	144	0.826389	5.000000	761	0.452037	0.489000	0.464245	
754	0.438992	115	0.226087	131	0.755725	5.000000	754	0.438992	0.456000	0.464205	
716	0.466480	124	0.217742	160	0.700000	5.000000	716	0.466480	0.473000	0.464248	
719	0.433936	136	0.176471	145	0.758621	5.000000	719	0.433936	0.446000	0.464159	
755	0.415894	115	0.200000	130	0.707692	5.000000	755	0.415894	0.429000	0.463988	
731	0.444596	136	0.235294	133	0.721805	5.000000	731	0.444596	0.453000	0.463935	
747	0.431058	111	0.225225	142	0.690141	5.000000	747	0.431058	0.445000	0.463844	
731	0.459644	116	0.215517	153	0.732026	5.000000	731	0.459644	0.473000	0.463888	
735	0.447619	124	0.241935	141	0.751773	5.000000	735	0.447619	0.465000	0.463893	
711	0.462729	125	0.216000	164	0.731707	5.000000	711	0.462729	0.476000	0.463950	
713	0.474053	141	0.205674	146	0.780822	5.000000	713	0.474053	0.481000	0.464031	
728	0.471154	126	0.269841	146	0.712329	5.000000	728	0.471154	0.481000	0.464110	
730	0.427397	128	0.210938	142	0.781690	5.000000	730	0.427397	0.450000	0.464045	
742	0.412399	107	0.186916	151	0.728477	5.000000	742	0.412399	0.436000	0.463914	
740	0.458108	101	0.178218	159	0.792453	5.000000	740	0.458108	0.483000	0.464002	
741	0.449393	114	0.201754	145	0.724138	5.000000	741	0.449393	0.461000	0.463989	
725	0.451034	129	0.209302	146	0.684932	5.000000	725	0.451034	0.454000	0.463943	
723	0.427386	122	0.172131	155	0.761290	5.000000	723	0.427386	0.448000	0.463870	
705	0.462411	113	0.185841	182	0.752747	5.000000	705	0.462411	0.484000	0.463962	
689	0.444122	145	0.179310	166	0.789157	5.000000	689	0.444122	0.463000	0.463957	
739	0.423545	121	0.280992	140	0.714286	5.000000	739	0.423545	0.447000	0.463881	
732	0.453552	119	0.226891	149	0.677852	5.000000	732	0.453552	0.460000	0.463863	
756	0.453704	100	0.230000	144	0.729167	5.000000	756	0.453704	0.471000	0.463895	
709	0.414669	128	0.179688	163	0.748466	5.000000	709	0.414669	0.439000	0.463785	
731	0.422709	120	0.175000	149	0.744966	5.000000	731	0.422709	0.441000	0.463684	
726	0.447658	122	0.196721	152	0.717105	5.000000	726	0.447658	0.458000	0.463659	
735	0.472109	132	0.265152	133	0.676692	5.000000	735	0.472109	0.472000	0.463695	
731	0.445964	118	0.177966	151	0.721854	5.000000	731	0.445964	0.456000	0.463662	
746	0.428954	106	0.216981	148	0.763514	5.000000	746	0.428954	0.456000	0.463628	
742	0.462264	114	0.157895	144	0.750000	5.000000	742	0.462264	0.469000	0.463652	
697	0.390244	146	0.226027	157	0.745223	5.000000	697	0.390244	0.422000	0.463472	
727	0.464924	126	0.190476	147	0.775510	5.000000	727	0.464924	0.476000	0.463526	
734	0.434605	127	0.220472	139	0.798561	5.000000	734	0.434605	0.458000	0.463502	
738	0.426829	137	0.240876	125	0.816000	5.000000	738	0.426829	0.450000	0.463445	
738	0.437669	109	0.266055	153	0.797386	5.000000	738	0.437669	0.474000	0.463490	
730	0.424658	130	0.192308	140	0.735714	5.000000	730	0.424658	0.438000	0.463382	
753	0.402390	116	0.163793	131	0.732824	5.000000	753	0.402390	0.418000	0.463191	
706	0.458924	138	0.289855	156	0.737179	5.000000	706	0.458924	0.479000	0.463257	
728	0.471154	122	0.163934	150	0.766667	5.000000	728	0.471154	0.478000	0.463319	
730	0.419178	116	0.172414	154	0.759740	5.000000	730	0.419178	0.443000	0.463235	
724	0.439227	110	0.300000	166	0.746988	5.000000	724	0.439227	0.475000	0.463283	
689	0.465893	138	0.202899	173	0.757225	5.000000	689	0.465893	0.480000	0.463352	
731	0.436389	121	0.223140	148	0.810811	5.000000	731	0.436389	0.466000	0.463363	
763	0.450852	103	0.281553	134	0.858209	5.000000	763	0.450852	0.488000	0.463463	
734	0.433243	109	0.220183	157	0.668790	5.000000	734	0.433243	0.447000	0.463396	
747	0.448461	102	0.205882	151	0.741722	5.000000	747	0.448461	0.468000	0.463415	
716	0.438547	122	0.254098	162	0.716049	5.000000	716	0.438547	0.461000	0.463405	
720	0.431944	119	0.243697	161	0.745342	5.000000	720	0.431944	0.460000	0.463392	
771	0.442283	99	0.191919	130	0.846154	5.000000	771	0.442283	0.470000	0.463418	
726	0.433884	120	0.233333	154	0.753247	5.000000	726	0.433884	0.459000	0.463401	
730	0.415068	117	0.230769	153	0.771242	5.000000	730	0.415068	0.448000	0.463339	
751	0.475366	114	0.228070	135	0.681481	5.000000	751	0.475366	0.475000	0.463386	
742	0.409704	93	0.225806	165	0.678788	5.000000	742	0.409704	0.437000	0.463282	
711	0.462729	119	0.252101	170	0.723529	5.000000	711	0.462729	0.482000	0.463355	
719	0.452017	120	0.266667	161	0.670807	5.000000	719	0.452017	0.465000	0.463361	
709	0.454161	137	0.248175	154	0.701299	5.000000	709	0.454161	0.464000	0.463364	
732	0.401639	117	0.196581	151	0.814570	5.000000	732	0.401639	0.440000	0.463273	
721	0.456311	123	0.195122	156	0.788462	5.000000	721	0.456311	0.476000	0.463323	
753	0.420983	110	0.190909	137	0.759124	5.000000	753	0.420983	0.442000	0.463241	
742	0.446092	125	0.216000	133	0.827068	5.000000	742	0.446092	0.468000	0.463259	
725	0.431724	121	0.190083	154	0.753247	5.000000	725	0.431724	0.452000	0.463216	
739	0.408660	124	0.185484	137	0.686131	5.000000	739	0.408660	0.419000	0.463048	
711	0.457103	139	0.215827	150	0.760000	5.000000	711	0.457103	0.469000	0.463070	
738	0.464770	137	0.226277	125	0.720000	5.000000	738	0.464770	0.464000	0.463074	
732	0.412568	130	0.223077	138	0.746377	5.000000	732	0.412568	0.434000	0.462964	
756	0.462963	109	0.192661	135	0.770370	5.000000	756	0.462963	0.475000	0.463010	
750	0.434667	108	0.268519	142	0.767606	5.000000	750	0.434667	0.464000	0.463013	
717	0.460251	106	0.226415	177	0.711864	5.000000	717	0.460251	0.480000	0.463076	
730	0.472603	124	0.241935	146	0.630137	5.000000	730	0.472603	0.467000	0.463091	
749	0.425901	115	0.165217	136	0.735294	5.000000	749	0.425901	0.438000	0.462998	
726	0.453168	114	0.280702	160	0.750000	5.000000	726	0.453168	0.481000	0.463064	
716	0.469274	100	0.230000	184	0.750000	5.000000	716	0.469274	0.497000	0.463189	
739	0.458728	109	0.266055	152	0.756579	5.000000	739	0.458728	0.483000	0.463261	
719	0.425591	125	0.208000	156	0.698718	5.000000	719	0.425591	0.441000	0.463180	
728	0.434066	126	0.182540	146	0.678082	5.000000	728	0.434066	0.438000	0.463089	
726	0.428375	134	0.223881	140	0.735714	5.000000	726	0.428375	0.444000	0.463020	
729	0.477366	106	0.226415	165	0.745455	5.000000	729	0.477366	0.495000	0.463135	
747	0.423025	123	0.186992	130	0.730769	5.000000	747	0.423025	0.434000	0.463031	
734	0.463215	129	0.139535	137	0.649635	5.000000	734	0.463215	0.447000	0.462973	
756	0.412698	97	0.195876	147	0.687075	5.000000	756	0.412698	0.432000	0.462863	
727	0.427785	124	0.120968	149	0.785235	5.000000	727	0.427785	0.443000	0.462793	
734	0.425068	136	0.183824	130	0.715385	5.000000	734	0.425068	0.430000	0.462677	
753	0.423639	108	0.296296	139	0.784173	5.000000	753	0.423639	0.460000	0.462667	
735	0.461224	122	0.237705	143	0.769231	5.000000	735	0.461224	0.478000	0.462721	
727	0.441541	120	0.250000	153	0.679739	5.000000	727	0.441541	0.455000	0.462694	
725	0.456552	116	0.301724	159	0.773585	5.000000	725	0.456552	0.489000	0.462786	
735	0.448980	110	0.354545	155	0.729032	5.000000	735	0.448980	0.482000	0.462853	
746	0.451743	99	0.181818	155	0.735484	5.000000	746	0.451743	0.469000	0.462874	
741	0.469636	120	0.225000	139	0.762590	5.000000	741	0.469636	0.481000	0.462936	
755	0.445033	112	0.125000	133	0.774436	5.000000	755	0.445033	0.453000	0.462902	
715	0.474126	125	0.200000	160	0.781250	5.000000	715	0.474126	0.489000	0.462992	
722	0.452909	116	0.189655	162	0.765432	5.000000	722	0.452909	0.473000	0.463026	
726	0.439394	116	0.224138	158	0.753165	5.000000	726	0.439394	0.464000	0.463029	
711	0.428973	140	0.200000	149	0.785235	5.000000	711	0.428973	0.450000	0.462985	
731	0.443228	129	0.240310	140	0.735714	5.000000	731	0.443228	0.458000	0.462968	
743	0.413190	113	0.203540	144	0.722222	5.000000	743	0.413190	0.434000	0.462870	
749	0.473965	93	0.215054	158	0.740506	5.000000	749	0.473965	0.492000	0.462968	
739	0.420839	102	0.264706	159	0.685535	5.000000	739	0.420839	0.447000	0.462915	
750	0.469333	99	0.292929	151	0.715232	5.000000	750	0.469333	0.489000	0.463002	
721	0.452150	127	0.236220	152	0.743421	5.000000	721	0.452150	0.469000	0.463022	
722	0.447368	110	0.336364	168	0.720238	5.000000	722	0.447368	0.481000	0.463081	
733	0.443383	113	0.159292	154	0.740260	5.000000	733	0.443383	0.457000	0.463061	
697	0.437590	143	0.216783	160	0.737500	5.000000	697	0.437590	0.454000	0.463031	
748	0.426471	121	0.264463	131	0.755725	5.000000	748	0.426471	0.450000	0.462989	
762	0.460630	109	0.247706	129	0.767442	5.000000	762	0.460630	0.477000	0.463034	
750	0.426667	103	0.281553	147	0.687075	5.000000	750	0.426667	0.450000	0.462992	
724	0.428177	129	0.170543	147	0.775510	5.000000	724	0.428177	0.446000	0.462937	
741	0.453441	111	0.225225	148	0.770270	5.000000	741	0.453441	0.475000	0.462976	
710	0.447887	116	0.198276	174	0.798851	5.000000	710	0.447887	0.480000	0.463031	
722	0.400277	116	0.215517	162	0.777778	5.000000	722	0.400277	0.440000	0.462957	
742	0.448787	117	0.273504	141	0.730496	5.000000	742	0.448787	0.468000	0.462973	
718	0.394150	121	0.289256	161	0.714286	5.000000	718	0.394150	0.433000	0.462877	
711	0.459916	139	0.208633	150	0.766667	5.000000	711	0.459916	0.471000	0.462903	
745	0.445638	112	0.214286	143	0.664336	5.000000	745	0.445638	0.451000	0.462865	
704	0.457386	120	0.325000	176	0.664773	5.000000	704	0.457386	0.478000	0.462913	
699	0.429185	129	0.325581	172	0.744186	5.000000	699	0.429185	0.470000	0.462935	
734	0.441417	122	0.155738	144	0.777778	5.000000	734	0.441417	0.455000	0.462910	
750	0.425333	113	0.265487	137	0.722628	5.000000	750	0.425333	0.448000	0.462864	
734	0.480926	123	0.211382	143	0.727273	5.000000	734	0.480926	0.483000	0.462927	
716	0.481844	101	0.188119	183	0.688525	5.000000	716	0.481844	0.490000	0.463011	
735	0.436735	123	0.195122	142	0.781690	5.000000	735	0.436735	0.456000	0.462989	
748	0.453209	106	0.207547	146	0.753425	5.000000	748	0.453209	0.471000	0.463014	
741	0.442645	126	0.142857	133	0.819549	5.000000	741	0.442645	0.455000	0.462989	
724	0.426796	141	0.255319	135	0.674074	5.000000	724	0.426796	0.436000	0.462906	
730	0.473973	122	0.254098	148	0.804054	5.000000	730	0.473973	0.496000	0.463008	
732	0.452186	125	0.176000	143	0.762238	5.000000	732	0.452186	0.462000	0.463005	
735	0.455782	122	0.163934	143	0.657343	5.000000	735	0.455782	0.449000	0.462962	
750	0.442667	116	0.215517	134	0.723881	5.000000	750	0.442667	0.454000	0.462935	
723	0.459198	120	0.291667	157	0.713376	5.000000	723	0.459198	0.479000	0.462983	
738	0.447154	125	0.200000	137	0.686131	5.000000	738	0.447154	0.449000	0.462941	
733	0.473397	120	0.216667	147	0.789116	5.000000	733	0.473397	0.489000	0.463020	
744	0.451613	118	0.245763	138	0.717391	5.000000	744	0.451613	0.464000	0.463023	
736	0.456522	125	0.200000	139	0.776978	5.000000	736	0.456522	0.469000	0.463041	
733	0.478854	111	0.171171	156	0.750000	5.000000	733	0.478854	0.487000	0.463112	
703	0.443812	133	0.150376	164	0.737805	5.000000	703	0.443812	0.453000	0.463082	
744	0.432796	104	0.230769	152	0.769737	5.000000	744	0.432796	0.463000	0.463082	
711	0.431786	146	0.246575	143	0.734266	5.000000	711	0.431786	0.448000	0.463037	
718	0.462396	118	0.228814	164	0.707317	5.000000	718	0.462396	0.475000	0.463072	
698	0.404011	130	0.246154	172	0.697674	5.000000	698	0.404011	0.434000	0.462987	
745	0.453691	111	0.216216	144	0.701389	5.000000	745	0.453691	0.463000	0.462987	
720	0.441667	119	0.226891	161	0.776398	5.000000	720	0.441667	0.470000	0.463007	
717	0.442120	119	0.184874	164	0.731707	5.000000	717	0.442120	0.459000	0.462996	
735	0.480272	115	0.252174	150	0.760000	5.000000	735	0.480272	0.496000	0.463092	
737	0.450475	110	0.209091	153	0.758170	5.000000	737	0.450475	0.471000	0.463115	
754	0.449602	120	0.291667	126	0.785714	5.000000	754	0.449602	0.473000	0.463143	
704	0.460227	130	0.207692	166	0.783133	5.000000	704	0.460227	0.481000	0.463195	
721	0.424411	109	0.201835	170	0.782353	5.000000	721	0.424411	0.461000	0.463188	
712	0.462079	126	0.214286	162	0.759259	5.000000	712	0.462079	0.479000	0.463234	
740	0.427027	113	0.247788	147	0.748299	5.000000	740	0.427027	0.454000	0.463207	
726	0.425620	125	0.272000	149	0.718121	5.000000	726	0.425620	0.450000	0.463170	
709	0.449929	134	0.253731	157	0.770701	5.000000	709	0.449929	0.474000	0.463200	
743	0.419919	126	0.253968	131	0.755725	5.000000	743	0.419919	0.443000	0.463143	
721	0.459085	129	0.333333	150	0.740000	5.000000	721	0.459085	0.485000	0.463205	
750	0.430667	117	0.213675	133	0.706767	5.000000	750	0.430667	0.442000	0.463145	
734	0.416894	132	0.250000	134	0.820896	5.000000	734	0.416894	0.449000	0.463105	
727	0.444292	109	0.229358	164	0.823171	5.000000	727	0.444292	0.483000	0.463161	
701	0.455064	135	0.237037	164	0.792683	5.000000	701	0.455064	0.481000	0.463211	
727	0.460798	117	0.239316	156	0.737179	5.000000	727	0.460798	0.478000	0.463252	
764	0.477749	107	0.261682	129	0.751938	5.000000	764	0.477749	0.490000	0.463326	
721	0.425798	114	0.271930	165	0.727273	5.000000	721	0.425798	0.458000	0.463312	
722	0.427978	134	0.268657	144	0.756944	5.000000	722	0.427978	0.454000	0.463286	
718	0.444290	118	0.203390	164	0.670732	5.000000	718	0.444290	0.453000	0.463258	
694	0.456772	143	0.272727	163	0.779141	5.000000	694	0.456772	0.483000	0.463312	
723	0.428769	118	0.177966	159	0.861635	5.000000	723	0.428769	0.468000	0.463325	
716	0.451117	126	0.253968	158	0.734177	5.000000	716	0.451117	0.471000	0.463346	
693	0.435786	141	0.276596	166	0.807229	5.000000	693	0.435786	0.475000	0.463377	
736	0.394022	118	0.262712	146	0.698630	5.000000	736	0.394022	0.423000	0.463268	
702	0.435897	139	0.172662	159	0.792453	5.000000	702	0.435897	0.456000	0.463248	
746	0.454424	120	0.166667	134	0.753731	5.000000	746	0.454424	0.460000	0.463239	
747	0.436412	112	0.223214	141	0.744681	5.000000	747	0.436412	0.456000	0.463220	
753	0.432935	113	0.212389	134	0.776119	5.000000	753	0.432935	0.454000	0.463195	
703	0.438122	141	0.262411	156	0.666667	5.000000	703	0.438122	0.449000	0.463157	
735	0.439456	117	0.222222	148	0.797297	5.000000	735	0.439456	0.467000	0.463167	
748	0.471925	91	0.329670	161	0.739130	5.000000	748	0.471925	0.502000	0.463271	
712	0.469101	135	0.288889	153	0.758170	5.000000	712	0.469101	0.489000	0.463339	
706	0.407932	136	0.250000	158	0.791139	5.000000	706	0.407932	0.447000	0.463296	
735	0.408163	96	0.229167	169	0.715976	5.000000	735	0.408163	0.443000	0.463242	
753	0.420983	113	0.159292	134	0.731343	5.000000	753	0.420983	0.433000	0.463162	
703	0.412518	144	0.166667	153	0.738562	5.000000	703	0.412518	0.427000	0.463067	
724	0.458564	121	0.223140	155	0.748387	5.000000	724	0.458564	0.475000	0.463099	
744	0.475806	124	0.185484	132	0.719697	5.000000	744	0.475806	0.472000	0.463122	
740	0.450000	124	0.225806	136	0.654412	5.000000	740	0.450000	0.450000	0.463088	
703	0.438122	126	0.230159	171	0.719298	5.000000	703	0.438122	0.460000	0.463080	
734	0.427793	119	0.277311	147	0.768707	5.000000	734	0.427793	0.460000	0.463072	
720	0.434722	116	0.232759	164	0.786585	5.000000	720	0.434722	0.469000	0.463087	
738	0.441734	108	0.259259	154	0.720779	5.000000	738	0.441734	0.465000	0.463092	
745	0.416107	100	0.280000	155	0.780645	5.000000	745	0.416107	0.459000	0.463081	
733	0.444748	114	0.245614	153	0.784314	5.000000	733	0.444748	0.474000	0.463109	
727	0.478680	127	0.181102	146	0.787671	5.000000	727	0.478680	0.486000	0.463168	
713	0.427770	137	0.226277	150	0.753333	5.000000	713	0.427770	0.449000	0.463132	
731	0.445964	124	0.161290	145	0.779310	5.000000	731	0.445964	0.459000	0.463121	
731	0.436389	122	0.221311	147	0.734694	5.000000	731	0.436389	0.454000	0.463098	
683	0.445095	122	0.213115	195	0.692308	5.000000	683	0.445095	0.465000	0.463103	
713	0.438990	140	0.228571	147	0.741497	5.000000	713	0.438990	0.454000	0.463080	
708	0.477401	121	0.272727	171	0.742690	5.000000	708	0.477401	0.498000	0.463168	
735	0.465306	108	0.185185	157	0.662420	5.000000	735	0.465306	0.466000	0.463175	
715	0.427972	128	0.226562	157	0.770701	5.000000	715	0.427972	0.456000	0.463157	
761	0.484888	116	0.267241	123	0.861789	5.000000	761	0.484888	0.506000	0.463265	
702	0.418803	143	0.202797	155	0.754839	5.000000	702	0.418803	0.440000	0.463206	
728	0.410714	128	0.187500	144	0.680556	5.000000	728	0.410714	0.421000	0.463101	
753	0.454183	106	0.132075	141	0.709220	5.000000	753	0.454183	0.456000	0.463083	
747	0.417671	114	0.210526	139	0.741007	5.000000	747	0.417671	0.439000	0.463024	
708	0.426554	129	0.302326	163	0.717791	5.000000	708	0.426554	0.458000	0.463011	
742	0.394879	115	0.243478	143	0.741259	5.000000	742	0.394879	0.427000	0.462922	
713	0.460028	126	0.277778	161	0.801242	5.000000	713	0.460028	0.492000	0.462994	
745	0.451007	116	0.232759	139	0.733813	5.000000	745	0.451007	0.465000	0.462999	
746	0.453083	122	0.180328	132	0.772727	5.000000	746	0.453083	0.462000	0.462996	
727	0.448418	105	0.142857	168	0.678571	5.000000	727	0.448418	0.455000	0.462977	
751	0.436751	113	0.070796	136	0.794118	5.000000	751	0.436751	0.444000	0.462931	
746	0.419571	113	0.203540	141	0.730496	5.000000	746	0.419571	0.439000	0.462872	
739	0.457375	104	0.201923	157	0.707006	5.000000	739	0.457375	0.470000	0.462890	
739	0.426252	110	0.300000	151	0.635762	5.000000	739	0.426252	0.444000	0.462844	
732	0.461749	122	0.188525	146	0.787671	5.000000	732	0.461749	0.476000	0.462876	
712	0.425562	137	0.240876	151	0.761589	5.000000	712	0.425562	0.451000	0.462847	
743	0.462988	124	0.241935	133	0.804511	5.000000	743	0.462988	0.481000	0.462891	
699	0.480687	126	0.230159	175	0.782857	5.000000	699	0.480687	0.502000	0.462985	
740	0.467568	111	0.207207	149	0.677852	5.000000	740	0.467568	0.470000	0.463001	
718	0.413649	115	0.182609	167	0.676647	5.000000	718	0.413649	0.431000	0.462925	
712	0.443820	125	0.184000	163	0.748466	5.000000	712	0.443820	0.461000	0.462920	
718	0.493036	115	0.217391	167	0.760479	5.000000	718	0.493036	0.506000	0.463023	
724	0.451657	121	0.198347	155	0.709677	5.000000	724	0.451657	0.461000	0.463018	
726	0.466942	118	0.203390	156	0.692308	5.000000	726	0.466942	0.471000	0.463037	
721	0.475728	133	0.187970	146	0.691781	5.000000	721	0.475728	0.469000	0.463051	
694	0.420749	146	0.294521	160	0.793750	5.000000	694	0.420749	0.462000	0.463048	
734	0.431880	106	0.245283	160	0.731250	5.000000	734	0.431880	0.460000	0.463041	
698	0.448424	144	0.166667	158	0.765823	5.000000	698	0.448424	0.458000	0.463029	
716	0.398045	129	0.240310	155	0.793548	5.000000	716	0.398045	0.439000	0.462973	
697	0.441894	134	0.253731	169	0.781065	5.000000	697	0.441894	0.474000	0.462999	
741	0.442645	128	0.203125	131	0.709924	5.000000	741	0.442645	0.447000	0.462962	
729	0.459534	121	0.223140	150	0.846667	5.000000	729	0.459534	0.489000	0.463022	
723	0.439834	112	0.276786	165	0.757576	5.000000	723	0.439834	0.474000	0.463048	
748	0.417112	104	0.182692	148	0.817568	5.000000	748	0.417112	0.452000	0.463022	
716	0.452514	120	0.291667	164	0.719512	5.000000	716	0.452514	0.477000	0.463054	
725	0.452414	132	0.250000	143	0.748252	5.000000	725	0.452414	0.468000	0.463066	
703	0.439545	138	0.188406	159	0.685535	5.000000	703	0.439545	0.444000	0.463022	
724	0.422652	110	0.218182	166	0.728916	5.000000	724	0.422652	0.451000	0.462994	
752	0.472074	113	0.238938	135	0.681481	5.000000	752	0.472074	0.474000	0.463019	
781	0.450704	96	0.187500	123	0.666667	5.000000	781	0.450704	0.452000	0.462994	
721	0.447989	138	0.210145	141	0.737589	5.000000	721	0.447989	0.456000	0.462978	
700	0.472857	124	0.201613	176	0.710227	5.000000	700	0.472857	0.481000	0.463019	
721	0.435506	111	0.234234	168	0.732143	5.000000	721	0.435506	0.463000	0.463019	
754	0.446950	105	0.285714	141	0.730496	5.000000	754	0.446950	0.470000	0.463035	
725	0.420690	130	0.200000	145	0.800000	5.000000	725	0.420690	0.447000	0.462999	
705	0.451064	120	0.191667	175	0.754286	5.000000	705	0.451064	0.473000	0.463021	
739	0.443843	107	0.252336	154	0.694805	5.000000	739	0.443843	0.462000	0.463019	
708	0.456215	124	0.217742	168	0.761905	5.000000	708	0.456215	0.478000	0.463053	
729	0.433471	112	0.205357	159	0.710692	5.000000	729	0.433471	0.452000	0.463028	
737	0.428765	120	0.191667	143	0.727273	5.000000	737	0.428765	0.443000	0.462983	
739	0.412720	109	0.192661	152	0.789474	5.000000	739	0.412720	0.446000	0.462946	
760	0.464474	104	0.153846	136	0.779412	5.000000	760	0.464474	0.475000	0.462972	
743	0.426649	128	0.234375	129	0.798450	5.000000	743	0.426649	0.450000	0.462944	
731	0.469220	130	0.215385	139	0.755396	5.000000	731	0.469220	0.476000	0.462972	
723	0.437068	111	0.243243	166	0.753012	5.000000	723	0.437068	0.468000	0.462984	
730	0.447945	116	0.215517	154	0.701299	5.000000	730	0.447945	0.460000	0.462977	
732	0.448087	123	0.235772	145	0.641379	5.000000	732	0.448087	0.450000	0.462949	
742	0.447439	111	0.198198	147	0.802721	5.000000	742	0.447439	0.472000	0.462968	
723	0.412172	129	0.201550	148	0.810811	5.000000	723	0.412172	0.444000	0.462927	
728	0.420330	137	0.262774	135	0.792593	5.000000	728	0.420330	0.449000	0.462897	
742	0.455526	142	0.197183	116	0.750000	5.000000	742	0.455526	0.453000	0.462875	
756	0.458995	131	0.221374	113	0.681416	5.000000	756	0.458995	0.453000	0.462854	
723	0.457815	140	0.228571	137	0.788321	5.000000	723	0.457815	0.471000	0.462871	
743	0.473755	106	0.179245	151	0.761589	5.000000	743	0.473755	0.486000	0.462921	
730	0.427397	120	0.241667	150	0.780000	5.000000	730	0.427397	0.458000	0.462911	
727	0.415406	116	0.267241	157	0.745223	5.000000	727	0.415406	0.450000	0.462883	
736	0.449728	125	0.216000	139	0.791367	5.000000	736	0.449728	0.468000	0.462894	
717	0.408647	123	0.186992	160	0.818750	5.000000	717	0.408647	0.447000	0.462860	
716	0.420391	122	0.229508	162	0.759259	5.000000	716	0.420391	0.452000	0.462837	
767	0.426336	97	0.257732	136	0.794118	5.000000	767	0.426336	0.460000	0.462831	
712	0.466292	148	0.222973	140	0.785714	5.000000	712	0.466292	0.475000	0.462856	
719	0.433936	141	0.326241	140	0.771429	5.000000	719	0.433936	0.466000	0.462863	
731	0.450068	135	0.200000	134	0.813433	5.000000	731	0.450068	0.465000	0.462868	
743	0.438762	119	0.252101	138	0.731884	5.000000	743	0.438762	0.457000	0.462855	
756	0.445767	114	0.245614	130	0.846154	5.000000	756	0.445767	0.475000	0.462881	
725	0.406897	139	0.273381	136	0.838235	5.000000	725	0.406897	0.447000	0.462847	
729	0.427984	104	0.230769	167	0.778443	5.000000	729	0.427984	0.466000	0.462854	
716	0.418994	123	0.178862	161	0.763975	5.000000	716	0.418994	0.445000	0.462817	
728	0.432692	125	0.320000	147	0.687075	5.000000	728	0.432692	0.456000	0.462802	
744	0.444892	116	0.232759	140	0.792857	5.000000	744	0.444892	0.469000	0.462815	
715	0.446154	139	0.244604	146	0.828767	5.000000	715	0.446154	0.474000	0.462839	
725	0.455172	109	0.293578	166	0.831325	5.000000	725	0.455172	0.500000	0.462916	
753	0.476760	102	0.235294	145	0.703448	5.000000	753	0.476760	0.485000	0.462962	
719	0.461752	141	0.134752	140	0.678571	5.000000	719	0.461752	0.446000	0.462927	
732	0.472678	120	0.225000	148	0.736486	5.000000	732	0.472678	0.482000	0.462966	
721	0.425798	121	0.272727	158	0.753165	5.000000	721	0.425798	0.459000	0.462958	
711	0.455696	112	0.285714	177	0.774011	5.000000	711	0.455696	0.493000	0.463020	
715	0.453147	125	0.240000	160	0.706250	5.000000	715	0.453147	0.467000	0.463028	
722	0.454294	126	0.206349	152	0.736842	5.000000	722	0.454294	0.466000	0.463034	
738	0.476965	114	0.166667	148	0.668919	5.000000	738	0.476965	0.470000	0.463048	
696	0.436782	137	0.270073	167	0.700599	5.000000	696	0.436782	0.458000	0.463038	
708	0.456215	135	0.229630	157	0.687898	5.000000	708	0.456215	0.462000	0.463036	
722	0.427978	123	0.276423	155	0.625806	5.000000	722	0.427978	0.440000	0.462989	
726	0.435262	107	0.289720	167	0.718563	5.000000	726	0.435262	0.467000	0.462997	
745	0.436242	118	0.254237	137	0.773723	5.000000	745	0.436242	0.461000	0.462993	
708	0.432203	124	0.217742	168	0.732143	5.000000	708	0.432203	0.456000	0.462979	
732	0.404372	122	0.139344	146	0.732877	5.000000	732	0.404372	0.420000	0.462892	
716	0.421788	116	0.224138	168	0.726190	5.000000	716	0.421788	0.450000	0.462866	
709	0.458392	133	0.248120	158	0.822785	5.000000	709	0.458392	0.488000	0.462917	
731	0.445964	122	0.204918	147	0.775510	5.000000	731	0.445964	0.465000	0.462921	
735	0.412245	131	0.129771	134	0.776119	5.000000	735	0.412245	0.424000	0.462843	
754	0.424403	108	0.259259	138	0.739130	5.000000	754	0.424403	0.450000	0.462817	
746	0.475871	108	0.259259	146	0.753425	5.000000	746	0.475871	0.493000	0.462878	
696	0.438218	124	0.169355	180	0.722222	5.000000	696	0.438218	0.456000	0.462864	
755	0.450331	110	0.336364	135	0.829630	5.000000	755	0.450331	0.489000	0.462916	
728	0.416209	131	0.244275	141	0.673759	5.000000	728	0.416209	0.430000	0.462851	
731	0.440492	144	0.270833	125	0.832000	5.000000	731	0.440492	0.465000	0.462855	
688	0.453488	125	0.232000	187	0.657754	5.000000	688	0.453488	0.464000	0.462857	
735	0.459864	107	0.177570	158	0.670886	5.000000	735	0.459864	0.463000	0.462857	
708	0.432203	144	0.243056	148	0.837838	5.000000	708	0.432203	0.465000	0.462862	
706	0.413598	117	0.264957	177	0.740113	5.000000	706	0.413598	0.454000	0.462844	
701	0.472183	142	0.274648	157	0.713376	5.000000	701	0.472183	0.482000	0.462882	
746	0.478552	126	0.269841	128	0.773438	5.000000	746	0.478552	0.490000	0.462935	
705	0.426950	133	0.248120	162	0.709877	5.000000	705	0.426950	0.449000	0.462907	
706	0.444759	139	0.187050	155	0.716129	5.000000	706	0.444759	0.451000	0.462884	
734	0.444142	117	0.196581	149	0.798658	5.000000	734	0.444142	0.468000	0.462894	
736	0.466033	119	0.193277	145	0.806897	5.000000	736	0.466033	0.483000	0.462933	
722	0.439058	116	0.327586	162	0.814815	5.000000	722	0.439058	0.487000	0.462980	
757	0.424042	90	0.222222	153	0.771242	5.000000	757	0.424042	0.459000	0.462972	
698	0.442693	145	0.165517	157	0.707006	5.000000	698	0.442693	0.444000	0.462936	
739	0.449256	105	0.190476	156	0.756410	5.000000	739	0.449256	0.470000	0.462949	
714	0.432773	125	0.208000	161	0.813665	5.000000	714	0.432773	0.466000	0.462955	
741	0.462888	116	0.224138	143	0.755245	5.000000	741	0.462888	0.477000	0.462982	
750	0.430667	122	0.180328	128	0.781250	5.000000	750	0.430667	0.445000	0.462947	
721	0.423024	137	0.167883	142	0.816901	5.000000	721	0.423024	0.444000	0.462911	
732	0.452186	120	0.200000	148	0.783784	5.000000	732	0.452186	0.471000	0.462927	
723	0.424620	123	0.211382	154	0.681818	5.000000	723	0.424620	0.438000	0.462879	
728	0.460165	128	0.187500	144	0.777778	5.000000	728	0.460165	0.471000	0.462895	
735	0.448980	115	0.278261	150	0.793333	5.000000	735	0.448980	0.481000	0.462929	
764	0.469895	97	0.164948	139	0.755396	5.000000	764	0.469895	0.480000	0.462961	
698	0.432665	131	0.213740	171	0.707602	5.000000	698	0.432665	0.451000	0.462939	
705	0.448227	127	0.299213	168	0.744048	5.000000	705	0.448227	0.479000	0.462969	
715	0.453147	112	0.267857	173	0.780347	5.000000	715	0.453147	0.489000	0.463018	
730	0.442466	132	0.204545	138	0.760870	5.000000	730	0.442466	0.455000	0.463003	
722	0.473684	126	0.277778	152	0.723684	5.000000	722	0.473684	0.487000	0.463048	
726	0.451791	124	0.250000	150	0.680000	5.000000	726	0.451791	0.461000	0.463044	
709	0.440056	120	0.208333	171	0.748538	5.000000	709	0.440056	0.465000	0.463048	
729	0.407407	109	0.201835	162	0.765432	5.000000	729	0.407407	0.443000	0.463010	
733	0.463847	111	0.252252	156	0.717949	5.000000	733	0.463847	0.480000	0.463042	
735	0.421769	99	0.303030	166	0.789157	5.000000	735	0.421769	0.471000	0.463057	
744	0.462366	112	0.241071	144	0.701389	5.000000	744	0.462366	0.472000	0.463073	
751	0.420772	118	0.220339	131	0.687023	5.000000	751	0.420772	0.432000	0.463016	
708	0.435028	132	0.181818	160	0.693750	5.000000	708	0.435028	0.443000	0.462979	
731	0.428181	135	0.266667	134	0.723881	5.000000	731	0.428181	0.446000	0.462948	
740	0.451351	131	0.206107	129	0.782946	5.000000	740	0.451351	0.462000	0.462946	
733	0.429741	124	0.177419	143	0.755245	5.000000	733	0.429741	0.445000	0.462913	
701	0.439372	133	0.165414	166	0.771084	5.000000	701	0.439372	0.458000	0.462904	
729	0.471879	131	0.198473	140	0.707143	5.000000	729	0.471879	0.469000	0.462915	
719	0.467316	123	0.227642	158	0.784810	5.000000	719	0.467316	0.488000	0.462961	
741	0.417004	114	0.254386	145	0.724138	5.000000	741	0.417004	0.443000	0.462924	
727	0.440165	125	0.216000	148	0.837838	5.000000	727	0.440165	0.471000	0.462939	
726	0.461433	139	0.230216	135	0.800000	5.000000	726	0.461433	0.475000	0.462961	
735	0.468027	129	0.201550	136	0.683824	5.000000	735	0.468027	0.463000	0.462961	
740	0.445946	105	0.190476	155	0.774194	5.000000	740	0.445946	0.470000	0.462974	
748	0.466578	124	0.217742	128	0.812500	5.000000	748	0.466578	0.480000	0.463005	
748	0.453209	88	0.215909	164	0.725610	5.000000	748	0.453209	0.477000	0.463030	
744	0.462366	103	0.174757	153	0.764706	5.000000	744	0.462366	0.479000	0.463059	
718	0.419220	128	0.203125	154	0.753247	5.000000	718	0.419220	0.443000	0.463023	
734	0.453678	125	0.176000	141	0.744681	5.000000	734	0.453678	0.460000	0.463017	
700	0.432857	127	0.212598	173	0.699422	5.000000	700	0.432857	0.451000	0.462996	
752	0.457447	105	0.276190	143	0.818182	5.000000	752	0.457447	0.490000	0.463044	
738	0.455285	111	0.189189	151	0.794702	5.000000	738	0.455285	0.477000	0.463069	
768	0.440104	92	0.195652	140	0.785714	5.000000	768	0.440104	0.466000	0.463074	
740	0.458108	125	0.200000	135	0.762963	5.000000	740	0.458108	0.467000	0.463081	
715	0.430769	122	0.254098	163	0.699387	5.000000	715	0.430769	0.453000	0.463063	
745	0.468456	101	0.297030	154	0.655844	5.000000	745	0.468456	0.480000	0.463093	
736	0.418478	116	0.301724	148	0.743243	5.000000	736	0.418478	0.453000	0.463075	
753	0.426295	102	0.313725	145	0.765517	5.000000	753	0.426295	0.464000	0.463077	
729	0.447188	124	0.225806	147	0.789116	5.000000	729	0.447188	0.470000	0.463089	
753	0.468792	109	0.266055	138	0.724638	5.000000	753	0.468792	0.482000	0.463122	
726	0.410468	105	0.200000	169	0.733728	5.000000	726	0.410468	0.443000	0.463087	
736	0.472826	138	0.239130	126	0.730159	5.000000	736	0.472826	0.473000	0.463104	
757	0.410832	119	0.243697	124	0.637097	5.000000	757	0.410832	0.419000	0.463027	
746	0.453083	112	0.223214	142	0.753521	5.000000	746	0.453083	0.470000	0.463039	
706	0.444759	138	0.210145	156	0.807692	5.000000	706	0.444759	0.469000	0.463050	
726	0.440771	115	0.313043	159	0.792453	5.000000	726	0.440771	0.482000	0.463083	
763	0.428571	112	0.151786	125	0.744000	5.000000	763	0.428571	0.437000	0.463037	
702	0.427350	109	0.275229	189	0.772487	5.000000	702	0.427350	0.476000	0.463060	
734	0.444142	113	0.238938	153	0.653595	5.000000	734	0.444142	0.453000	0.463042	
754	0.425729	111	0.243243	135	0.748148	5.000000	754	0.425729	0.449000	0.463018	
745	0.436242	120	0.200000	135	0.851852	5.000000	745	0.436242	0.464000	0.463020	
745	0.453691	102	0.235294	153	0.771242	5.000000	745	0.453691	0.480000	0.463049	
745	0.453691	110	0.200000	145	0.793103	5.000000	745	0.453691	0.475000	0.463070	
720	0.444444	130	0.261538	150	0.813333	5.000000	720	0.444444	0.476000	0.463092	
719	0.500695	102	0.264706	179	0.720670	5.000000	719	0.500695	0.516000	0.463182	
705	0.466667	140	0.228571	155	0.735484	5.000000	705	0.466667	0.475000	0.463203	
743	0.462988	114	0.271930	143	0.650350	5.000000	743	0.462988	0.468000	0.463211	
698	0.436963	138	0.202899	164	0.737805	5.000000	698	0.436963	0.454000	0.463195	
736	0.410326	109	0.238532	155	0.735484	5.000000	736	0.410326	0.442000	0.463159	
728	0.456044	124	0.298387	148	0.668919	5.000000	728	0.456044	0.468000	0.463167	
704	0.453125	139	0.223022	157	0.815287	5.000000	704	0.453125	0.478000	0.463192	
748	0.401070	127	0.204724	125	0.720000	5.000000	748	0.401070	0.416000	0.463113	
722	0.422438	124	0.201613	154	0.642857	5.000000	722	0.422438	0.429000	0.463055	
753	0.423639	99	0.282828	148	0.743243	5.000000	753	0.423639	0.457000	0.463045	
711	0.434599	121	0.264463	168	0.696429	5.000000	711	0.434599	0.458000	0.463036	
718	0.422006	141	0.184397	141	0.716312	5.000000	718	0.422006	0.430000	0.462981	
731	0.451436	107	0.233645	162	0.691358	5.000000	731	0.451436	0.467000	0.462987	
713	0.415147	141	0.312057	146	0.760274	5.000000	713	0.415147	0.451000	0.462967	
754	0.472149	102	0.196078	144	0.694444	5.000000	754	0.472149	0.476000	0.462989	
749	0.467290	107	0.205607	144	0.750000	5.000000	749	0.467290	0.480000	0.463018	
734	0.401907	124	0.233871	142	0.732394	5.000000	734	0.401907	0.428000	0.462959	
716	0.495810	120	0.250000	164	0.817073	5.000000	716	0.495810	0.519000	0.463052	
723	0.416321	103	0.300971	174	0.781609	5.000000	723	0.416321	0.468000	0.463061	
737	0.436906	118	0.169492	145	0.806897	5.000000	737	0.436906	0.459000	0.463054	
751	0.442077	126	0.174603	123	0.747967	5.000000	751	0.442077	0.446000	0.463026	
731	0.432285	115	0.191304	154	0.733766	5.000000	731	0.432285	0.451000	0.463006	
732	0.431694	116	0.206897	152	0.776316	5.000000	732	0.431694	0.458000	0.462998	
697	0.451937	142	0.161972	161	0.819876	5.000000	697	0.451937	0.470000	0.463009	
737	0.473541	115	0.260870	148	0.783784	5.000000	737	0.473541	0.495000	0.463062	
694	0.440922	140	0.192857	166	0.746988	5.000000	694	0.440922	0.457000	0.463052	
727	0.425034	131	0.282443	142	0.788732	5.000000	727	0.425034	0.458000	0.463044	
719	0.465925	133	0.195489	148	0.817568	5.000000	719	0.465925	0.482000	0.463075	
759	0.436100	96	0.250000	145	0.744828	5.000000	759	0.436100	0.463000	0.463074	
731	0.440492	108	0.175926	161	0.757764	5.000000	731	0.440492	0.463000	0.463074	
700	0.467143	153	0.235294	147	0.727891	5.000000	700	0.467143	0.470000	0.463086	
751	0.439414	101	0.267327	148	0.770270	5.000000	751	0.439414	0.471000	0.463098	
740	0.439189	105	0.180952	155	0.754839	5.000000	740	0.439189	0.461000	0.463095	
722	0.421053	140	0.228571	138	0.775362	5.000000	722	0.421053	0.443000	0.463062	
722	0.448753	121	0.181818	157	0.751592	5.000000	722	0.448753	0.464000	0.463064	
732	0.460383	123	0.211382	145	0.793103	5.000000	732	0.460383	0.478000	0.463088	
758	0.408971	93	0.215054	149	0.765101	5.000000	758	0.408971	0.444000	0.463057	
749	0.412550	110	0.227273	141	0.744681	5.000000	749	0.412550	0.439000	0.463019	
730	0.401370	130	0.230769	140	0.792857	5.000000	730	0.401370	0.434000	0.462972	
690	0.431884	139	0.215827	171	0.795322	5.000000	690	0.431884	0.464000	0.462974	
734	0.425068	128	0.195312	138	0.775362	5.000000	734	0.425068	0.444000	0.462943	
740	0.462162	119	0.210084	141	0.737589	5.000000	740	0.462162	0.471000	0.462956	
745	0.456376	120	0.175000	135	0.770370	5.000000	745	0.456376	0.465000	0.462959	
741	0.421053	113	0.256637	146	0.780822	5.000000	741	0.421053	0.455000	0.462947	
738	0.424119	122	0.237705	140	0.764286	5.000000	738	0.424119	0.449000	0.462924	
730	0.460274	140	0.178571	130	0.707692	5.000000	730	0.460274	0.453000	0.462909	
738	0.434959	117	0.145299	145	0.793103	5.000000	738	0.434959	0.453000	0.462893	
748	0.457219	108	0.231481	144	0.805556	5.000000	748	0.457219	0.483000	0.462925	
736	0.434783	118	0.271186	146	0.719178	5.000000	736	0.434783	0.457000	0.462915	
720	0.461111	133	0.263158	147	0.741497	5.000000	720	0.461111	0.476000	0.462936	
735	0.423129	118	0.271186	147	0.789116	5.000000	735	0.423129	0.459000	0.462930	
726	0.435262	134	0.238806	140	0.721429	5.000000	726	0.435262	0.449000	0.462908	
704	0.396307	125	0.256000	171	0.748538	5.000000	704	0.396307	0.439000	0.462870	
718	0.435933	117	0.162393	165	0.781818	5.000000	718	0.435933	0.461000	0.462867	
733	0.439291	127	0.157480	140	0.792857	5.000000	733	0.439291	0.453000	0.462852	
720	0.438889	138	0.152174	142	0.774648	5.000000	720	0.438889	0.447000	0.462827	
715	0.429371	128	0.257812	157	0.738854	5.000000	715	0.429371	0.456000	0.462816	
723	0.457815	121	0.231405	156	0.711538	5.000000	723	0.457815	0.470000	0.462828	
720	0.422222	120	0.191667	160	0.775000	5.000000	720	0.422222	0.451000	0.462809	
729	0.427984	122	0.172131	149	0.751678	5.000000	729	0.427984	0.445000	0.462782	
728	0.451923	116	0.224138	156	0.762821	5.000000	728	0.451923	0.474000	0.462799	
746	0.458445	113	0.168142	141	0.808511	5.000000	746	0.458445	0.475000	0.462818	
750	0.452000	114	0.201754	136	0.808824	5.000000	750	0.452000	0.472000	0.462832	
716	0.430168	129	0.193798	155	0.741935	5.000000	716	0.430168	0.448000	0.462809	
730	0.432877	131	0.229008	139	0.697842	5.000000	730	0.432877	0.443000	0.462779	
737	0.461330	112	0.205357	151	0.794702	5.000000	737	0.461330	0.483000	0.462810	
706	0.447592	134	0.238806	160	0.668750	5.000000	706	0.447592	0.455000	0.462798	
750	0.473333	107	0.261682	143	0.741259	5.000000	750	0.473333	0.489000	0.462838	
752	0.460106	108	0.203704	140	0.764286	5.000000	752	0.460106	0.475000	0.462857	
723	0.449516	123	0.227642	154	0.805195	5.000000	723	0.449516	0.477000	0.462878	
713	0.472651	136	0.205882	151	0.754967	5.000000	713	0.472651	0.479000	0.462903	
729	0.422497	126	0.253968	145	0.744828	5.000000	729	0.422497	0.448000	0.462880	
719	0.445063	121	0.165289	160	0.718750	5.000000	719	0.445063	0.455000	0.462868	
716	0.409218	136	0.264706	148	0.777027	5.000000	716	0.409218	0.444000	0.462839	
715	0.451748	125	0.208000	160	0.793750	5.000000	715	0.451748	0.476000	0.462859	
747	0.453815	109	0.220183	144	0.645833	5.000000	747	0.453815	0.456000	0.462849	
719	0.439499	129	0.209302	152	0.710526	5.000000	719	0.439499	0.451000	0.462831	
732	0.454918	136	0.227941	132	0.772727	5.000000	732	0.454918	0.466000	0.462836	
724	0.430939	133	0.218045	143	0.748252	5.000000	724	0.430939	0.448000	0.462814	
745	0.448322	109	0.302752	146	0.705479	5.000000	745	0.448322	0.470000	0.462824	
735	0.431293	122	0.180328	143	0.699301	5.000000	735	0.431293	0.439000	0.462788	
751	0.460719	107	0.224299	142	0.753521	5.000000	751	0.460719	0.477000	0.462810	
731	0.440492	127	0.244094	142	0.823944	5.000000	731	0.440492	0.470000	0.462821	
753	0.435591	100	0.220000	147	0.843537	5.000000	753	0.435591	0.474000	0.462837	
722	0.427978	108	0.175926	170	0.782353	5.000000	722	0.427978	0.461000	0.462835	
720	0.433333	127	0.188976	153	0.738562	5.000000	720	0.433333	0.449000	0.462814	
720	0.429167	137	0.211679	143	0.776224	5.000000	720	0.429167	0.449000	0.462793	
754	0.438992	110	0.290909	136	0.794118	5.000000	754	0.438992	0.471000	0.462806	
705	0.417021	156	0.262821	139	0.755396	5.000000	705	0.417021	0.440000	0.462772	
734	0.423706	123	0.154472	143	0.734266	5.000000	734	0.423706	0.435000	0.462730	
714	0.462185	114	0.219298	172	0.709302	5.000000	714	0.462185	0.477000	0.462752	
736	0.449728	111	0.288288	153	0.718954	5.000000	736	0.449728	0.473000	0.462767	
743	0.449529	112	0.267857	145	0.744828	5.000000	743	0.449529	0.472000	0.462780	
749	0.401869	105	0.304762	146	0.746575	5.000000	749	0.401869	0.442000	0.462750	
754	0.444297	108	0.287037	138	0.724638	5.000000	754	0.444297	0.466000	0.462754	
748	0.438503	99	0.343434	153	0.764706	5.000000	748	0.438503	0.479000	0.462778	
742	0.470350	121	0.347107	137	0.649635	5.000000	742	0.470350	0.480000	0.462804	
732	0.427596	114	0.192982	154	0.681818	5.000000	732	0.427596	0.440000	0.462770	
727	0.419532	144	0.243056	129	0.744186	5.000000	727	0.419532	0.436000	0.462731	
719	0.428373	121	0.264463	160	0.725000	5.000000	719	0.428373	0.456000	0.462721	
728	0.475275	110	0.218182	162	0.790123	5.000000	728	0.475275	0.498000	0.462773	
730	0.424658	116	0.181034	154	0.818182	5.000000	730	0.424658	0.457000	0.462764	
736	0.425272	128	0.242188	136	0.808824	5.000000	736	0.425272	0.454000	0.462752	
718	0.458217	108	0.203704	174	0.747126	5.000000	718	0.458217	0.481000	0.462778	
710	0.416901	124	0.233871	166	0.698795	5.000000	710	0.416901	0.441000	0.462746	
738	0.433604	109	0.247706	153	0.764706	5.000000	738	0.433604	0.464000	0.462748	
728	0.438187	117	0.213675	155	0.729032	5.000000	728	0.438187	0.457000	0.462740	
732	0.445355	103	0.242718	165	0.672727	5.000000	732	0.445355	0.462000	0.462739	
744	0.405914	124	0.225806	132	0.810606	5.000000	744	0.405914	0.437000	0.462702	
734	0.453678	109	0.229358	157	0.624204	5.000000	734	0.453678	0.456000	0.462692	
729	0.460905	105	0.171429	166	0.843373	5.000000	729	0.460905	0.494000	0.462737	
733	0.435198	144	0.173611	123	0.674797	5.000000	733	0.435198	0.427000	0.462686	
741	0.456140	119	0.260504	140	0.807143	5.000000	741	0.456140	0.482000	0.462713	
712	0.435393	128	0.179688	160	0.737500	5.000000	712	0.435393	0.451000	0.462697	
721	0.445215	141	0.212766	138	0.797101	5.000000	721	0.445215	0.461000	0.462694	
747	0.427041	129	0.248062	124	0.693548	5.000000	747	0.427041	0.437000	0.462657	
713	0.437588	120	0.183333	167	0.796407	5.000000	713	0.437588	0.467000	0.462664	
727	0.462173	102	0.225490	171	0.719298	5.000000	727	0.462173	0.482000	0.462691	
723	0.453665	115	0.321739	162	0.660494	5.000000	723	0.453665	0.472000	0.462704	
715	0.432168	124	0.274194	161	0.720497	5.000000	715	0.432168	0.459000	0.462699	
734	0.460490	113	0.185841	153	0.758170	5.000000	734	0.460490	0.475000	0.462717	
726	0.439394	114	0.245614	160	0.750000	5.000000	726	0.439394	0.467000	0.462723	
727	0.420908	135	0.266667	138	0.717391	5.000000	727	0.420908	0.441000	0.462692	
734	0.444142	110	0.209091	156	0.724359	5.000000	734	0.444142	0.462000	0.462691	
745	0.441611	117	0.179487	138	0.731884	5.000000	745	0.441611	0.451000	0.462674	
734	0.414169	125	0.288000	141	0.709220	5.000000	734	0.414169	0.440000	0.462643	
700	0.440000	139	0.273381	161	0.695652	5.000000	700	0.440000	0.458000	0.462636	
725	0.435862	118	0.203390	157	0.796178	5.000000	725	0.435862	0.465000	0.462639	
725	0.426207	119	0.243697	156	0.794872	5.000000	725	0.426207	0.462000	0.462638	
728	0.420330	126	0.253968	146	0.808219	5.000000	728	0.420330	0.456000	0.462629	
725	0.423448	112	0.250000	163	0.730061	5.000000	725	0.423448	0.454000	0.462617	
762	0.438320	110	0.218182	128	0.781250	5.000000	762	0.438320	0.458000	0.462611	
738	0.444444	121	0.231405	141	0.758865	5.000000	738	0.444444	0.463000	0.462611	
747	0.464525	108	0.194444	145	0.717241	5.000000	747	0.464525	0.472000	0.462624	
739	0.433018	117	0.205128	144	0.756944	5.000000	739	0.433018	0.453000	0.462611	
713	0.427770	134	0.208955	153	0.718954	5.000000	713	0.427770	0.443000	0.462584	
762	0.416010	96	0.250000	142	0.767606	5.000000	762	0.416010	0.450000	0.462566	
737	0.454545	115	0.243478	148	0.743243	5.000000	737	0.454545	0.473000	0.462580	
721	0.411928	137	0.270073	142	0.697183	5.000000	721	0.411928	0.433000	0.462540	
724	0.459945	125	0.168000	151	0.735099	5.000000	724	0.459945	0.465000	0.462543	
720	0.444444	130	0.207692	150	0.686667	5.000000	720	0.444444	0.450000	0.462526	
738	0.444444	106	0.235849	156	0.750000	5.000000	738	0.444444	0.470000	0.462536	
717	0.429568	103	0.223301	180	0.766667	5.000000	717	0.429568	0.469000	0.462545	
768	0.473958	90	0.177778	142	0.661972	5.000000	768	0.473958	0.474000	0.462561	
727	0.489684	115	0.182609	158	0.803797	5.000000	727	0.489684	0.504000	0.462617	
721	0.463245	128	0.265625	151	0.735099	5.000000	721	0.463245	0.479000	0.462640	
734	0.427793	121	0.247934	145	0.717241	5.000000	734	0.427793	0.448000	0.462620	
745	0.463087	114	0.210526	141	0.737589	5.000000	745	0.463087	0.473000	0.462634	
731	0.435021	113	0.159292	156	0.769231	5.000000	731	0.435021	0.456000	0.462625	
739	0.400541	113	0.203540	148	0.770270	5.000000	739	0.400541	0.433000	0.462585	
743	0.433378	110	0.245455	147	0.782313	5.000000	743	0.433378	0.464000	0.462587	
709	0.442877	131	0.198473	160	0.731250	5.000000	709	0.442877	0.457000	0.462579	
714	0.427171	121	0.214876	165	0.703030	5.000000	714	0.427171	0.447000	0.462558	
726	0.458678	141	0.205674	133	0.774436	5.000000	726	0.458678	0.465000	0.462561	
738	0.459350	111	0.252252	151	0.807947	5.000000	738	0.459350	0.489000	0.462597	
740	0.447297	121	0.214876	139	0.748201	5.000000	740	0.447297	0.461000	0.462595	
726	0.431129	137	0.226277	137	0.715328	5.000000	726	0.431129	0.442000	0.462567	
729	0.418381	122	0.237705	149	0.805369	5.000000	729	0.418381	0.454000	0.462555	
709	0.454161	148	0.277027	143	0.790210	5.000000	709	0.454161	0.476000	0.462574	
742	0.448787	115	0.226087	143	0.790210	5.000000	742	0.448787	0.472000	0.462586	
714	0.441176	123	0.195122	163	0.680982	5.000000	714	0.441176	0.450000	0.462569	
716	0.431564	129	0.193798	155	0.735484	5.000000	716	0.431564	0.448000	0.462550	
746	0.450402	131	0.267176	123	0.723577	5.000000	746	0.450402	0.460000	0.462546	
744	0.473118	106	0.216981	150	0.760000	5.000000	744	0.473118	0.489000	0.462582	
745	0.391946	108	0.185185	147	0.761905	5.000000	745	0.391946	0.424000	0.462530	
758	0.434037	98	0.204082	144	0.777778	5.000000	758	0.434037	0.461000	0.462528	
723	0.439834	129	0.209302	148	0.736486	5.000000	723	0.439834	0.454000	0.462517	
748	0.449198	113	0.238938	139	0.791367	5.000000	748	0.449198	0.473000	0.462531	
718	0.434540	129	0.155039	153	0.712418	5.000000	718	0.434540	0.441000	0.462502	
742	0.459569	115	0.226087	143	0.783217	5.000000	742	0.459569	0.479000	0.462524	
727	0.423659	135	0.281481	138	0.768116	5.000000	727	0.423659	0.452000	0.462510	
734	0.404632	118	0.220339	148	0.804054	5.000000	734	0.404632	0.442000	0.462483	
748	0.450535	107	0.112150	145	0.724138	5.000000	748	0.450535	0.454000	0.462472	
755	0.443709	102	0.186275	143	0.713287	5.000000	755	0.443709	0.456000	0.462463	
720	0.450000	125	0.208000	155	0.722581	5.000000	720	0.450000	0.462000	0.462462	
746	0.441019	117	0.213675	137	0.773723	5.000000	746	0.441019	0.460000	0.462459	
719	0.428373	116	0.232759	165	0.775758	5.000000	719	0.428373	0.463000	0.462460	
744	0.469086	128	0.187500	128	0.726562	5.000000	744	0.469086	0.466000	0.462465	
744	0.419355	118	0.177966	138	0.731884	5.000000	744	0.419355	0.434000	0.462427	
737	0.438263	114	0.219298	149	0.798658	5.000000	737	0.438263	0.467000	0.462433	
708	0.454802	128	0.218750	164	0.682927	5.000000	708	0.454802	0.462000	0.462433	
714	0.441176	135	0.200000	151	0.701987	5.000000	714	0.441176	0.448000	0.462414	
752	0.422872	112	0.133929	136	0.661765	5.000000	752	0.422872	0.423000	0.462362	
745	0.436242	116	0.275862	139	0.784173	5.000000	745	0.436242	0.466000	0.462367	
728	0.469780	130	0.153846	142	0.704225	5.000000	728	0.469780	0.462000	0.462367	
734	0.459128	111	0.225225	155	0.632258	5.000000	734	0.459128	0.460000	0.462364	
724	0.419890	121	0.280992	155	0.812903	5.000000	724	0.419890	0.464000	0.462366	
728	0.420330	128	0.195312	144	0.729167	5.000000	728	0.420330	0.436000	0.462331	
688	0.466570	162	0.209877	150	0.826667	5.000000	688	0.466570	0.479000	0.462353	
717	0.414226	129	0.186047	154	0.707792	5.000000	717	0.414226	0.430000	0.462311	
735	0.446259	139	0.187050	126	0.730159	5.000000	735	0.446259	0.446000	0.462290	
710	0.419718	124	0.274194	166	0.819277	5.000000	710	0.419718	0.468000	0.462297	
715	0.439161	136	0.264706	149	0.865772	5.000000	715	0.439161	0.479000	0.462319	
722	0.439058	126	0.182540	152	0.848684	5.000000	722	0.439058	0.469000	0.462328	
697	0.457676	150	0.213333	153	0.725490	5.000000	697	0.457676	0.462000	0.462327	
708	0.467514	146	0.157534	146	0.787671	5.000000	708	0.467514	0.469000	0.462336	
748	0.434492	128	0.234375	124	0.725806	5.000000	748	0.434492	0.445000	0.462314	
735	0.429932	114	0.219298	151	0.754967	5.000000	735	0.429932	0.455000	0.462304	
730	0.443836	138	0.217391	132	0.757576	5.000000	730	0.443836	0.454000	0.462294	
691	0.452967	129	0.139535	180	0.727778	5.000000	691	0.452967	0.462000	0.462293	
743	0.464334	109	0.229358	148	0.851351	5.000000	743	0.464334	0.496000	0.462336	
713	0.457223	126	0.174603	161	0.770186	5.000000	713	0.457223	0.472000	0.462348	
742	0.454178	110	0.263636	148	0.797297	5.000000	742	0.454178	0.484000	0.462376	
713	0.441795	118	0.262712	169	0.798817	5.000000	713	0.441795	0.481000	0.462400	
740	0.451351	119	0.243697	141	0.773050	5.000000	740	0.451351	0.472000	0.462412	
747	0.445783	109	0.155963	144	0.729167	5.000000	747	0.445783	0.455000	0.462402	
740	0.437838	118	0.271186	142	0.788732	5.000000	740	0.437838	0.468000	0.462410	
715	0.502098	133	0.218045	152	0.736842	5.000000	715	0.502098	0.500000	0.462457	
707	0.458274	135	0.155556	158	0.708861	5.000000	707	0.458274	0.457000	0.462450	
727	0.448418	134	0.246269	139	0.776978	5.000000	727	0.448418	0.467000	0.462456	
735	0.431293	135	0.185185	130	0.692308	5.000000	735	0.431293	0.432000	0.462418	
735	0.488435	114	0.271930	151	0.774834	5.000000	735	0.488435	0.507000	0.462474	
736	0.442935	114	0.271930	150	0.793333	5.000000	736	0.442935	0.476000	0.462491	
728	0.467033	114	0.175439	158	0.740506	5.000000	728	0.467033	0.477000	0.462509	
738	0.443089	133	0.248120	129	0.767442	5.000000	738	0.443089	0.459000	0.462504	
721	0.420250	128	0.320312	151	0.801325	5.000000	721	0.420250	0.465000	0.462508	
755	0.421192	117	0.239316	128	0.781250	5.000000	755	0.421192	0.446000	0.462487	
745	0.459060	115	0.260870	140	0.800000	5.000000	745	0.459060	0.484000	0.462514	
735	0.443537	121	0.181818	144	0.819444	5.000000	735	0.443537	0.466000	0.462518	
733	0.451569	114	0.157895	153	0.764706	5.000000	733	0.451569	0.466000	0.462522	
716	0.451117	137	0.182482	147	0.659864	5.000000	716	0.451117	0.445000	0.462501	
693	0.451659	143	0.188811	164	0.780488	5.000000	693	0.451659	0.468000	0.462507	
716	0.430168	120	0.258333	164	0.841463	5.000000	716	0.430168	0.477000	0.462525	
718	0.463788	144	0.250000	138	0.811594	5.000000	718	0.463788	0.481000	0.462548	
736	0.419837	116	0.232759	148	0.750000	5.000000	736	0.419837	0.447000	0.462529	
721	0.386963	126	0.206349	153	0.764706	5.000000	721	0.386963	0.422000	0.462479	
736	0.448370	112	0.285714	152	0.815789	5.000000	736	0.448370	0.486000	0.462508	
721	0.438280	122	0.245902	157	0.738854	5.000000	721	0.438280	0.462000	0.462507	
724	0.443370	125	0.248000	151	0.688742	5.000000	724	0.443370	0.456000	0.462499	
709	0.466855	125	0.232000	166	0.777108	5.000000	709	0.466855	0.489000	0.462532	
719	0.446453	113	0.203540	168	0.755952	5.000000	719	0.446453	0.471000	0.462542	
744	0.439516	114	0.289474	142	0.760563	5.000000	744	0.439516	0.468000	0.462549	
739	0.442490	114	0.201754	147	0.789116	5.000000	739	0.442490	0.466000	0.462553	
713	0.437588	124	0.201613	163	0.797546	5.000000	713	0.437588	0.467000	0.462559	
719	0.463143	126	0.246032	155	0.819355	5.000000	719	0.463143	0.491000	0.462594	
717	0.405858	116	0.215517	167	0.760479	5.000000	717	0.405858	0.443000	0.462570	
736	0.440217	125	0.160000	139	0.791367	5.000000	736	0.440217	0.454000	0.462559	
748	0.431818	110	0.200000	142	0.711268	5.000000	748	0.431818	0.446000	0.462539	
734	0.452316	124	0.153226	142	0.816901	5.000000	734	0.452316	0.467000	0.462544	
734	0.407357	111	0.252252	155	0.819355	5.000000	734	0.407357	0.454000	0.462534	
743	0.430686	119	0.235294	138	0.782609	5.000000	743	0.430686	0.456000	0.462526	
725	0.428966	125	0.192000	150	0.786667	5.000000	725	0.428966	0.453000	0.462515	
749	0.423231	117	0.145299	134	0.746269	5.000000	749	0.423231	0.434000	0.462480	
732	0.453552	95	0.073684	173	0.809249	5.000000	732	0.453552	0.479000	0.462500	
746	0.419571	106	0.245283	148	0.777027	5.000000	746	0.419571	0.454000	0.462490	
689	0.449927	133	0.248120	178	0.741573	5.000000	689	0.449927	0.475000	0.462505	
692	0.395954	145	0.241379	163	0.754601	5.000000	692	0.395954	0.432000	0.462468	
710	0.481690	121	0.190083	169	0.781065	5.000000	710	0.481690	0.497000	0.462510	
707	0.454031	117	0.367521	176	0.795455	5.000000	707	0.454031	0.504000	0.462560	
693	0.458874	142	0.246479	165	0.709091	5.000000	693	0.458874	0.470000	0.462568	
722	0.440443	129	0.263566	149	0.778523	5.000000	722	0.440443	0.468000	0.462575	
708	0.437853	157	0.235669	135	0.659259	5.000000	708	0.437853	0.436000	0.462543	
737	0.472185	107	0.196262	156	0.724359	5.000000	737	0.472185	0.482000	0.462566	
738	0.425474	131	0.229008	131	0.763359	5.000000	738	0.425474	0.444000	0.462544	
718	0.437326	120	0.208333	162	0.814815	5.000000	718	0.437326	0.471000	0.462554	
704	0.424716	161	0.260870	135	0.755556	5.000000	704	0.424716	0.443000	0.462531	
734	0.468665	127	0.220472	139	0.820144	5.000000	734	0.468665	0.486000	0.462559	
737	0.469471	127	0.291339	136	0.698529	5.000000	737	0.469471	0.478000	0.462577	
734	0.412807	119	0.235294	147	0.659864	5.000000	734	0.412807	0.428000	0.462536	
748	0.482620	109	0.211009	143	0.755245	5.000000	748	0.482620	0.492000	0.462571	
718	0.410864	114	0.140351	168	0.803571	5.000000	718	0.410864	0.446000	0.462552	
761	0.442838	92	0.315217	147	0.727891	5.000000	761	0.442838	0.473000	0.462564	
712	0.462079	128	0.242188	160	0.743750	5.000000	712	0.462079	0.479000	0.462583	
728	0.450549	114	0.184211	158	0.803797	5.000000	728	0.450549	0.476000	0.462599	
748	0.455882	107	0.261682	145	0.751724	5.000000	748	0.455882	0.478000	0.462617	
737	0.420624	128	0.218750	135	0.725926	5.000000	737	0.420624	0.436000	0.462586	
739	0.438430	118	0.203390	143	0.748252	5.000000	739	0.438430	0.455000	0.462577	
721	0.409154	137	0.343066	142	0.774648	5.000000	721	0.409154	0.452000	0.462565	
735	0.421769	110	0.227273	155	0.741935	5.000000	735	0.421769	0.450000	0.462550	
750	0.402667	111	0.279279	139	0.805755	5.000000	750	0.402667	0.445000	0.462529	
734	0.440054	120	0.183333	146	0.773973	5.000000	734	0.440054	0.458000	0.462524	
723	0.466113	123	0.219512	154	0.785714	5.000000	723	0.466113	0.485000	0.462550	
747	0.448461	116	0.258621	137	0.802920	5.000000	747	0.448461	0.475000	0.462565	
745	0.453691	119	0.252101	136	0.602941	5.000000	745	0.453691	0.450000	0.462550	
715	0.432168	134	0.201493	151	0.774834	5.000000	715	0.432168	0.453000	0.462539	
719	0.431154	116	0.318966	165	0.769697	5.000000	719	0.431154	0.474000	0.462552	
731	0.443228	119	0.210084	150	0.706667	5.000000	731	0.443228	0.455000	0.462544	
731	0.440492	115	0.295652	154	0.746753	5.000000	731	0.440492	0.471000	0.462553	
744	0.438172	114	0.166667	142	0.781690	5.000000	744	0.438172	0.456000	0.462546	
713	0.450210	142	0.218310	145	0.731034	5.000000	713	0.450210	0.458000	0.462541	
705	0.431206	144	0.277778	151	0.728477	5.000000	705	0.431206	0.454000	0.462531	
714	0.466387	141	0.241135	145	0.758621	5.000000	714	0.466387	0.477000	0.462547	
712	0.419944	134	0.216418	154	0.792208	5.000000	712	0.419944	0.450000	0.462533	
725	0.470345	135	0.281481	140	0.828571	5.000000	725	0.470345	0.495000	0.462570	
735	0.405442	138	0.173913	127	0.708661	5.000000	735	0.405442	0.412000	0.462512	
731	0.471956	124	0.217742	145	0.848276	5.000000	731	0.471956	0.495000	0.462550	
740	0.431081	106	0.254717	154	0.740260	5.000000	740	0.431081	0.460000	0.462547	
704	0.421875	145	0.165517	151	0.708609	5.000000	704	0.421875	0.428000	0.462507	
735	0.442177	115	0.243478	150	0.773333	5.000000	735	0.442177	0.469000	0.462514	
710	0.470423	138	0.260870	152	0.763158	5.000000	710	0.470423	0.486000	0.462541	
734	0.476839	134	0.216418	132	0.719697	5.000000	734	0.476839	0.474000	0.462554	
756	0.421958	102	0.274510	142	0.760563	5.000000	756	0.421958	0.455000	0.462546	
717	0.418410	138	0.239130	145	0.806897	5.000000	717	0.418410	0.450000	0.462531	
751	0.427430	94	0.170213	155	0.696774	5.000000	751	0.427430	0.445000	0.462511	
709	0.425952	120	0.233333	171	0.754386	5.000000	709	0.425952	0.459000	0.462507	
711	0.433193	125	0.168000	164	0.792683	5.000000	711	0.433193	0.459000	0.462503	
729	0.421125	121	0.264463	150	0.740000	5.000000	729	0.421125	0.450000	0.462489	
757	0.435931	111	0.171171	132	0.689394	5.000000	757	0.435931	0.440000	0.462464	
742	0.440701	113	0.389381	145	0.765517	5.000000	742	0.440701	0.482000	0.462486	
728	0.443681	129	0.209302	143	0.790210	5.000000	728	0.443681	0.463000	0.462486	
738	0.452575	111	0.207207	151	0.754967	5.000000	738	0.452575	0.471000	0.462496	
730	0.441096	132	0.227273	138	0.710145	5.000000	730	0.441096	0.450000	0.462482	
730	0.420548	113	0.212389	157	0.751592	5.000000	730	0.420548	0.449000	0.462467	
771	0.446174	106	0.264151	123	0.747967	5.000000	771	0.446174	0.464000	0.462468	
720	0.454167	133	0.225564	147	0.741497	5.000000	720	0.454167	0.466000	0.462472	
740	0.435135	111	0.189189	149	0.751678	5.000000	740	0.435135	0.455000	0.462464	
707	0.428571	131	0.213740	162	0.870370	5.000000	707	0.428571	0.472000	0.462475	
742	0.439353	111	0.252252	147	0.775510	5.000000	742	0.439353	0.468000	0.462481	
744	0.447581	107	0.149533	149	0.859060	5.000000	744	0.447581	0.477000	0.462497	
735	0.435374	128	0.218750	137	0.810219	5.000000	735	0.435374	0.459000	0.462493	
719	0.418637	122	0.204918	159	0.723270	5.000000	719	0.418637	0.441000	0.462469	
688	0.452035	151	0.205298	161	0.788820	5.000000	688	0.452035	0.469000	0.462477	
699	0.449213	139	0.237410	162	0.765432	5.000000	699	0.449213	0.471000	0.462486	
691	0.454414	123	0.284553	186	0.827957	5.000000	691	0.454414	0.503000	0.462531	
718	0.391365	126	0.230159	156	0.724359	5.000000	718	0.391365	0.423000	0.462487	
724	0.432320	119	0.193277	157	0.764331	5.000000	724	0.432320	0.456000	0.462480	
722	0.441828	120	0.200000	158	0.727848	5.000000	722	0.441828	0.458000	0.462475	
723	0.463347	112	0.205357	165	0.672727	5.000000	723	0.463347	0.469000	0.462482	
748	0.485294	94	0.276596	158	0.740506	5.000000	748	0.485294	0.506000	0.462531	
744	0.440860	116	0.241379	140	0.785714	5.000000	744	0.440860	0.466000	0.462534	
745	0.421477	119	0.184874	136	0.794118	5.000000	745	0.421477	0.444000	0.462514	
773	0.429495	90	0.166667	137	0.773723	5.000000	773	0.429495	0.453000	0.462503	
720	0.445833	123	0.219512	157	0.713376	5.000000	720	0.445833	0.460000	0.462501	
730	0.442466	127	0.212598	143	0.762238	5.000000	730	0.442466	0.459000	0.462497	
714	0.491597	144	0.208333	142	0.725352	5.000000	714	0.491597	0.484000	0.462520	
731	0.410397	113	0.221239	156	0.705128	5.000000	731	0.410397	0.435000	0.462490	
720	0.504167	128	0.140625	152	0.723684	5.000000	720	0.504167	0.491000	0.462521	
748	0.446524	96	0.166667	156	0.788462	5.000000	748	0.446524	0.473000	0.462533	
729	0.448560	116	0.275862	155	0.787097	5.000000	729	0.448560	0.481000	0.462553	
720	0.433333	121	0.247934	159	0.704403	5.000000	720	0.433333	0.454000	0.462544	
717	0.421199	125	0.232000	158	0.765823	5.000000	717	0.421199	0.452000	0.462532	
744	0.446237	108	0.250000	148	0.743243	5.000000	744	0.446237	0.469000	0.462539	
733	0.417462	131	0.282443	136	0.720588	5.000000	733	0.417462	0.441000	0.462516	
721	0.416089	110	0.254545	169	0.715976	5.000000	721	0.416089	0.449000	0.462501	
719	0.406120	137	0.240876	144	0.763889	5.000000	719	0.406120	0.435000	0.462471	
717	0.489540	123	0.227642	160	0.806250	5.000000	717	0.489540	0.508000	0.462521	
721	0.429958	135	0.281481	144	0.687500	5.000000	721	0.429958	0.447000	0.462504	
686	0.479592	165	0.303030	149	0.751678	5.000000	686	0.479592	0.491000	0.462535	
699	0.429185	129	0.240310	172	0.773256	5.000000	699	0.429185	0.464000	0.462536	
721	0.423024	130	0.246154	149	0.798658	5.000000	721	0.423024	0.456000	0.462529	
735	0.421769	112	0.223214	153	0.745098	5.000000	735	0.421769	0.449000	0.462515	
736	0.456522	126	0.214286	138	0.775362	5.000000	736	0.456522	0.470000	0.462523	
719	0.453408	114	0.333333	167	0.712575	5.000000	719	0.453408	0.483000	0.462545	
691	0.450072	145	0.234483	164	0.719512	5.000000	691	0.450072	0.463000	0.462545	
736	0.447011	130	0.200000	134	0.731343	5.000000	736	0.447011	0.453000	0.462535	
715	0.471329	129	0.255814	156	0.807692	5.000000	715	0.471329	0.496000	0.462571	
736	0.466033	125	0.216000	139	0.798561	5.000000	736	0.466033	0.481000	0.462591	
736	0.442935	115	0.226087	149	0.697987	5.000000	736	0.442935	0.456000	0.462584	
723	0.424620	126	0.190476	151	0.761589	5.000000	723	0.424620	0.446000	0.462566	
741	0.445344	105	0.247619	154	0.675325	5.000000	741	0.445344	0.460000	0.462563	
737	0.450475	112	0.187500	151	0.728477	5.000000	737	0.450475	0.463000	0.462564	
732	0.431694	108	0.259259	160	0.718750	5.000000	732	0.431694	0.459000	0.462560	
722	0.423823	121	0.280992	157	0.745223	5.000000	722	0.423823	0.457000	0.462554	
712	0.443820	114	0.228070	174	0.672414	5.000000	712	0.443820	0.459000	0.462550	
739	0.430311	124	0.290323	137	0.693431	5.000000	739	0.430311	0.449000	0.462536	
700	0.422857	123	0.203252	177	0.745763	5.000000	700	0.422857	0.453000	0.462526	
703	0.439545	136	0.250000	161	0.838509	5.000000	703	0.439545	0.478000	0.462542	
733	0.447476	130	0.192308	137	0.759124	5.000000	733	0.447476	0.457000	0.462536	
745	0.426846	103	0.262136	152	0.769737	5.000000	745	0.426846	0.462000	0.462536	
715	0.412587	157	0.203822	128	0.789062	5.000000	715	0.412587	0.428000	0.462499	
733	0.484311	120	0.191667	147	0.721088	5.000000	733	0.484311	0.484000	0.462522	
730	0.435616	123	0.252033	147	0.768707	5.000000	730	0.435616	0.462000	0.462521	
731	0.443228	112	0.241071	157	0.853503	5.000000	731	0.443228	0.485000	0.462545	
741	0.457490	116	0.293103	143	0.797203	5.000000	741	0.457490	0.487000	0.462571	
718	0.427577	130	0.192308	152	0.717105	5.000000	718	0.427577	0.441000	0.462548	
728	0.449176	124	0.209677	148	0.810811	5.000000	728	0.449176	0.473000	0.462559	
744	0.439516	109	0.146789	147	0.789116	5.000000	744	0.439516	0.459000	0.462555	
740	0.459459	112	0.187500	148	0.790541	5.000000	740	0.459459	0.478000	0.462572	
726	0.444904	111	0.198198	163	0.797546	5.000000	726	0.444904	0.475000	0.462585	
737	0.455902	116	0.181034	147	0.802721	5.000000	737	0.455902	0.475000	0.462598	
726	0.473829	118	0.220339	156	0.858974	5.000000	726	0.473829	0.504000	0.462641	
703	0.473684	142	0.211268	155	0.748387	5.000000	703	0.473684	0.479000	0.462658	
707	0.458274	141	0.177305	152	0.723684	5.000000	707	0.458274	0.459000	0.462654	
730	0.463014	121	0.272727	149	0.744966	5.000000	730	0.463014	0.482000	0.462675	
737	0.412483	106	0.216981	157	0.707006	5.000000	737	0.412483	0.438000	0.462649	
739	0.449256	116	0.198276	145	0.841379	5.000000	739	0.449256	0.477000	0.462664	
715	0.430769	132	0.219697	153	0.816993	5.000000	715	0.430769	0.462000	0.462663	
717	0.454672	126	0.190476	157	0.726115	5.000000	717	0.454672	0.464000	0.462664	
714	0.452381	146	0.273973	140	0.742857	5.000000	714	0.452381	0.467000	0.462669	
737	0.432836	118	0.245763	145	0.779310	5.000000	737	0.432836	0.461000	0.462667	
734	0.438692	109	0.247706	157	0.732484	5.000000	734	0.438692	0.464000	0.462669	
731	0.451436	131	0.190840	138	0.833333	5.000000	731	0.451436	0.470000	0.462676	
740	0.452703	108	0.212963	152	0.789474	5.000000	740	0.452703	0.478000	0.462692	
732	0.501366	121	0.223140	147	0.693878	5.000000	732	0.501366	0.496000	0.462727	
735	0.443537	117	0.188034	148	0.824324	5.000000	735	0.443537	0.470000	0.462734	
734	0.448229	124	0.201613	142	0.690141	5.000000	734	0.448229	0.452000	0.462723	
720	0.441667	107	0.205607	173	0.791908	5.000000	720	0.441667	0.477000	0.462738	
729	0.426612	111	0.279279	160	0.743750	5.000000	729	0.426612	0.461000	0.462736	
714	0.417367	132	0.280303	154	0.753247	5.000000	714	0.417367	0.451000	0.462724	
756	0.445767	105	0.209524	139	0.776978	5.000000	756	0.445767	0.467000	0.462728	
750	0.444000	114	0.157895	136	0.727941	5.000000	750	0.444000	0.450000	0.462715	
747	0.457831	111	0.207207	142	0.704225	5.000000	747	0.457831	0.465000	0.462717	
712	0.443820	134	0.179104	154	0.675325	5.000000	712	0.443820	0.444000	0.462698	
725	0.448276	152	0.171053	123	0.642276	5.000000	725	0.448276	0.430000	0.462665	
722	0.400277	122	0.262295	156	0.724359	5.000000	722	0.400277	0.434000	0.462636	
724	0.403315	138	0.282609	138	0.760870	5.000000	724	0.403315	0.436000	0.462608	
741	0.439946	108	0.240741	151	0.781457	5.000000	741	0.439946	0.470000	0.462616	
712	0.460674	119	0.243697	169	0.680473	5.000000	712	0.460674	0.472000	0.462625	
734	0.433243	110	0.209091	156	0.833333	5.000000	734	0.433243	0.471000	0.462634	
719	0.425591	124	0.209677	157	0.777070	5.000000	719	0.425591	0.454000	0.462625	
709	0.440056	128	0.242188	163	0.840491	5.000000	709	0.440056	0.480000	0.462643	
731	0.409029	124	0.241935	145	0.737931	5.000000	731	0.409029	0.436000	0.462616	
722	0.483380	126	0.214286	152	0.782895	5.000000	722	0.483380	0.495000	0.462649	
735	0.444898	132	0.234848	133	0.714286	5.000000	735	0.444898	0.453000	0.462639	
731	0.421341	121	0.198347	148	0.783784	5.000000	731	0.421341	0.448000	0.462624	
725	0.437241	137	0.248175	138	0.681159	5.000000	725	0.437241	0.445000	0.462606	
702	0.448718	150	0.226667	148	0.709459	5.000000	702	0.448718	0.454000	0.462598	
729	0.465021	128	0.234375	143	0.797203	5.000000	729	0.465021	0.483000	0.462618	
735	0.484354	133	0.225564	132	0.772727	5.000000	735	0.484354	0.488000	0.462644	
747	0.428380	113	0.265487	140	0.671429	5.000000	747	0.428380	0.444000	0.462625	
742	0.460916	126	0.269841	132	0.840909	5.000000	742	0.460916	0.487000	0.462649	
719	0.433936	115	0.278261	166	0.759036	5.000000	719	0.433936	0.470000	0.462657	
746	0.436997	109	0.229358	145	0.703448	5.000000	746	0.436997	0.453000	0.462647	
743	0.440108	118	0.194915	139	0.697842	5.000000	743	0.440108	0.447000	0.462631	
746	0.481233	126	0.261905	128	0.835938	5.000000	746	0.481233	0.499000	0.462668	
716	0.413408	133	0.187970	151	0.748344	5.000000	716	0.413408	0.434000	0.462639	
734	0.426431	127	0.236220	139	0.769784	5.000000	734	0.426431	0.450000	0.462627	
746	0.461126	119	0.294118	135	0.696296	5.000000	746	0.461126	0.473000	0.462637	
737	0.438263	111	0.234234	152	0.809211	5.000000	737	0.438263	0.472000	0.462646	
737	0.487110	132	0.234848	131	0.740458	5.000000	737	0.487110	0.487000	0.462671	
725	0.430345	141	0.198582	134	0.738806	5.000000	725	0.430345	0.439000	0.462647	
731	0.452804	122	0.221311	147	0.646259	5.000000	731	0.452804	0.453000	0.462637	
735	0.397279	114	0.210526	151	0.688742	5.000000	735	0.397279	0.420000	0.462595	
716	0.455307	116	0.189655	168	0.672619	5.000000	716	0.455307	0.461000	0.462593	
711	0.416315	125	0.264000	164	0.792683	5.000000	711	0.416315	0.459000	0.462590	
693	0.418470	123	0.260163	184	0.717391	5.000000	693	0.418470	0.454000	0.462581	
712	0.418539	119	0.226891	169	0.710059	5.000000	712	0.418539	0.445000	0.462564	
