Rate	71.43
Rev Jump	14.29
Tree Move	14.29
Rate Tried	% Accepted	Rev Jump Tried	% Accepted	Tree Move Tried	% Accepted	Rates - Dev	Rates - Tried	Rates - Accepted	Sample Ave Acceptance	Total Ave Acceptance	
762	0.212598	85	0.235294	153	0.575163	2.728420	762	0.212598	0.270000	0.265067	
774	0.264858	70	0.128571	156	0.685897	2.728420	774	0.264858	0.321000	0.269728	
749	0.218959	93	0.193548	158	0.677215	2.728420	749	0.218959	0.289000	0.271210	
740	0.243243	99	0.191919	161	0.695652	2.728420	740	0.243243	0.311000	0.274052	
748	0.196524	93	0.182796	159	0.622642	2.728420	748	0.196524	0.263000	0.273315	
761	0.387648	83	0.144578	156	0.615385	1.469765	761	0.387648	0.403000	0.281420	
789	0.465146	70	0.185714	141	0.595745	1.469765	789	0.465146	0.464000	0.292159	
780	0.335897	66	0.196970	154	0.506494	1.758812	780	0.335897	0.353000	0.295539	
778	0.376607	78	0.269231	144	0.562500	1.758812	778	0.376607	0.395000	0.300774	
758	0.362797	100	0.160000	142	0.584507	1.758812	758	0.362797	0.374000	0.304435	
736	0.373641	69	0.188406	195	0.548718	1.758812	736	0.373641	0.395000	0.308747	
783	0.310345	105	0.247619	112	0.607143	1.758812	783	0.310345	0.337000	0.310031	
758	0.308707	112	0.151786	130	0.607692	1.758812	758	0.308707	0.330000	0.310900	
736	0.336957	93	0.193548	171	0.608187	1.758812	736	0.336957	0.370000	0.313362	
786	0.328244	83	0.228916	131	0.442748	1.758812	786	0.328244	0.335000	0.314227	
757	0.348745	71	0.197183	172	0.534884	1.758812	757	0.348745	0.370000	0.316372	
775	0.367742	82	0.231707	143	0.538462	1.758812	775	0.367742	0.381000	0.318766	
775	0.385806	90	0.211111	135	0.681481	1.758812	775	0.385806	0.410000	0.322024	
772	0.380829	74	0.216216	154	0.636364	1.758812	772	0.380829	0.408000	0.324989	
754	0.343501	88	0.261364	158	0.613924	1.758812	754	0.343501	0.379000	0.326789	
737	0.381275	104	0.182692	159	0.603774	1.758812	737	0.381275	0.396000	0.329022	
761	0.346912	87	0.298851	152	0.223684	1.758812	761	0.346912	0.324000	0.328865	
737	0.344640	96	0.291667	167	0.443114	1.758812	737	0.344640	0.356000	0.329687	
758	0.345646	98	0.214286	144	0.729167	1.758812	758	0.345646	0.388000	0.331402	
777	0.373230	84	0.214286	139	0.374101	1.758812	777	0.373230	0.360000	0.332219	
784	0.366071	82	0.146341	134	0.679104	1.758812	784	0.366071	0.390000	0.333824	
736	0.342391	105	0.190476	159	0.660377	1.758812	736	0.342391	0.377000	0.334991	
754	0.322281	84	0.166667	162	0.586420	1.758812	754	0.322281	0.352000	0.335439	
759	0.375494	88	0.181818	153	0.535948	1.758812	759	0.375494	0.383000	0.336658	
748	0.371658	76	0.184211	176	0.681818	1.758812	748	0.371658	0.412000	0.338542	
747	0.344043	70	0.157143	183	0.590164	1.758812	747	0.344043	0.376000	0.339455	
749	0.336449	80	0.200000	171	0.561404	1.758812	749	0.336449	0.364000	0.340040	
750	0.328000	87	0.206897	163	0.582822	1.758812	750	0.328000	0.359000	0.340480	
733	0.353342	108	0.157407	159	0.761006	1.758812	733	0.353342	0.397000	0.341765	
742	0.335580	101	0.227723	157	0.585987	1.758812	742	0.335580	0.364000	0.342259	
755	0.323179	78	0.282051	167	0.616766	1.758812	755	0.323179	0.369000	0.342840	
788	0.375635	70	0.185714	142	0.605634	1.758812	788	0.375635	0.395000	0.343950	
769	0.371912	80	0.187500	151	0.562914	1.758812	769	0.371912	0.386000	0.344826	
773	0.349288	72	0.222222	155	0.632258	1.758812	773	0.349288	0.384000	0.345626	
746	0.367292	87	0.252874	167	0.604790	1.758812	746	0.367292	0.397000	0.346653	
757	0.359313	94	0.202128	149	0.624161	1.758812	757	0.359313	0.384000	0.347385	
787	0.378653	72	0.194444	141	0.631206	1.758812	787	0.378653	0.401000	0.348416	
762	0.375328	81	0.209877	157	0.592357	1.758812	762	0.375328	0.396000	0.349314	
785	0.393631	57	0.105263	158	0.575949	1.758812	785	0.393631	0.406000	0.350364	
774	0.363049	87	0.195402	139	0.633094	1.758812	774	0.363049	0.386000	0.351012	
726	0.334711	109	0.192661	165	0.587879	1.758812	726	0.334711	0.361000	0.351190	
746	0.386059	100	0.180000	154	0.603896	1.758812	746	0.386059	0.399000	0.352029	
752	0.376330	95	0.189474	153	0.601307	1.758812	752	0.376330	0.393000	0.352735	
782	0.340153	85	0.235294	133	0.654135	1.758812	782	0.340153	0.373000	0.353079	
772	0.352332	72	0.194444	156	0.589744	1.758812	772	0.352332	0.378000	0.353494	
733	0.349250	108	0.222222	159	0.572327	1.758812	733	0.349250	0.371000	0.353781	
753	0.367862	82	0.158537	165	0.496970	1.758812	753	0.367862	0.372000	0.354075	
730	0.315068	102	0.176471	168	0.577381	1.758812	730	0.315068	0.345000	0.353931	
755	0.364238	105	0.257143	140	0.407143	1.758812	755	0.364238	0.359000	0.354010	
745	0.339597	86	0.174419	169	0.568047	1.758812	745	0.339597	0.364000	0.354164	
766	0.385117	67	0.119403	167	0.586826	1.758812	766	0.385117	0.401000	0.354873	
766	0.378590	90	0.200000	144	0.423611	1.758812	766	0.378590	0.369000	0.355084	
753	0.419655	80	0.200000	167	0.628743	1.758812	753	0.419655	0.437000	0.356289	
776	0.217784	71	0.169014	153	0.627451	2.737368	776	0.217784	0.277000	0.355140	
772	0.218912	59	0.305085	169	0.573964	2.737368	772	0.218912	0.284000	0.354124	
742	0.161725	86	0.279070	172	0.598837	2.737368	742	0.161725	0.247000	0.352615	
740	0.320270	86	0.174419	174	0.603448	1.853133	740	0.320270	0.357000	0.352676	
739	0.342355	98	0.244898	163	0.343558	1.853133	739	0.342355	0.333000	0.352406	
745	0.308725	115	0.173913	140	0.671429	1.853133	745	0.308725	0.344000	0.352293	
741	0.353576	129	0.155039	130	0.584615	1.853133	741	0.353576	0.358000	0.352369	
750	0.314667	97	0.154639	153	0.385621	1.853133	750	0.314667	0.310000	0.351811	
724	0.301105	123	0.113821	153	0.594771	1.853133	724	0.301105	0.323000	0.351437	
776	0.365979	92	0.271739	132	0.651515	1.853133	776	0.365979	0.395000	0.351995	
745	0.295302	107	0.168224	148	0.364865	1.853133	745	0.295302	0.292000	0.351236	
773	0.305304	93	0.204301	134	0.671642	1.853133	773	0.305304	0.345000	0.351158	
755	0.290066	93	0.301075	152	0.526316	1.853133	755	0.290066	0.327000	0.350860	
773	0.291074	67	0.417910	160	0.775000	1.853133	773	0.291074	0.377000	0.351179	
756	0.320106	76	0.184211	168	0.500000	1.853133	756	0.320106	0.340000	0.351044	
765	0.335948	94	0.223404	141	0.553191	1.853133	765	0.335948	0.356000	0.351103	
741	0.294197	101	0.158416	158	0.512658	1.853133	741	0.294197	0.315000	0.350678	
753	0.260292	96	0.156250	151	0.655629	1.853133	753	0.260292	0.310000	0.350205	
770	0.275325	89	0.258427	141	0.673759	1.853133	770	0.275325	0.330000	0.349973	
712	0.264045	125	0.168000	163	0.644172	1.853133	712	0.264045	0.314000	0.349564	
722	0.295014	110	0.145455	168	0.601190	1.853133	722	0.295014	0.330000	0.349344	
767	0.275098	67	0.268657	166	0.656627	1.853133	767	0.275098	0.338000	0.349218	
755	0.264901	58	0.155172	187	0.513369	1.853133	755	0.264901	0.305000	0.348732	
744	0.272849	99	0.181818	157	0.522293	1.853133	744	0.272849	0.303000	0.348235	
758	0.267810	86	0.209302	156	0.583333	1.853133	758	0.267810	0.312000	0.347846	
745	0.261745	90	0.133333	165	0.606061	1.853133	745	0.261745	0.307000	0.347411	
749	0.228304	93	0.172043	158	0.500000	1.853133	749	0.228304	0.266000	0.346554	
751	0.231691	79	0.202532	170	0.664706	1.853133	751	0.231691	0.303000	0.346101	
743	0.226110	86	0.244186	171	0.526316	1.853133	743	0.226110	0.279000	0.345409	
767	0.294654	69	0.159420	164	0.640244	1.853133	767	0.294654	0.342000	0.345374	
738	0.346883	92	0.206522	170	0.705882	1.853133	738	0.346883	0.395000	0.345875	
748	0.343583	90	0.322222	162	0.537037	1.853133	748	0.343583	0.373000	0.346147	
740	0.372973	70	0.157143	190	0.689474	1.853133	740	0.372973	0.418000	0.346858	
739	0.366712	85	0.188235	176	0.602273	1.853133	739	0.366712	0.393000	0.347310	
761	0.345598	76	0.078947	163	0.705521	1.853133	761	0.345598	0.384000	0.347667	
739	0.336942	85	0.188235	176	0.693182	1.853133	739	0.336942	0.387000	0.348045	
731	0.280438	93	0.118280	176	0.698864	1.853133	731	0.280438	0.339000	0.347959	
748	0.322193	84	0.166667	168	0.464286	1.853133	748	0.322193	0.333000	0.347817	
735	0.303401	88	0.170455	177	0.593220	1.853133	735	0.303401	0.343000	0.347772	
744	0.309140	107	0.121495	149	0.442953	1.853133	744	0.309140	0.309000	0.347413	
742	0.296496	99	0.202020	159	0.540881	1.853133	742	0.296496	0.326000	0.347217	
758	0.282322	100	0.140000	142	0.633803	1.853133	758	0.282322	0.318000	0.346951	
721	0.346741	92	0.163043	187	0.625668	1.853133	721	0.346741	0.382000	0.347267	
774	0.275194	77	0.168831	149	0.684564	1.853133	774	0.275194	0.328000	0.347095	
747	0.309237	95	0.147368	158	0.607595	1.853133	747	0.309237	0.341000	0.347041	
748	0.279412	83	0.216867	169	0.668639	1.853133	748	0.279412	0.340000	0.346979	
728	0.280220	95	0.115789	177	0.576271	1.853133	728	0.280220	0.317000	0.346719	
726	0.320937	82	0.182927	192	0.557292	1.853133	726	0.320937	0.355000	0.346790	
769	0.275683	76	0.236842	155	0.541935	1.853133	769	0.275683	0.314000	0.346510	
755	0.319205	69	0.231884	176	0.653409	1.853133	755	0.319205	0.372000	0.346726	
748	0.288770	103	0.165049	149	0.523490	1.853133	748	0.288770	0.311000	0.346426	
742	0.309973	105	0.171429	153	0.385621	1.853133	742	0.309973	0.307000	0.346097	
737	0.316147	103	0.194175	160	0.675000	1.853133	737	0.316147	0.361000	0.346220	
744	0.303763	107	0.149533	149	0.637584	1.853133	744	0.303763	0.337000	0.346145	
759	0.335968	78	0.153846	163	0.644172	1.853133	759	0.335968	0.372000	0.346355	
775	0.335484	84	0.154762	141	0.765957	1.853133	775	0.335484	0.381000	0.346634	
761	0.306176	84	0.202381	155	0.625806	1.853133	761	0.306176	0.347000	0.346637	
731	0.295486	114	0.157895	155	0.503226	1.853133	731	0.295486	0.312000	0.346362	
752	0.305851	82	0.170732	166	0.602410	1.853133	752	0.305851	0.344000	0.346344	
779	0.332478	47	0.170213	174	0.591954	1.853133	779	0.332478	0.370000	0.346529	
717	0.302650	111	0.153153	172	0.546512	1.853133	717	0.302650	0.328000	0.346385	
754	0.324934	93	0.139785	153	0.450980	1.853133	754	0.324934	0.327000	0.346236	
745	0.326174	94	0.148936	161	0.378882	1.853133	745	0.326174	0.318000	0.346020	
747	0.307898	107	0.224299	146	0.554795	1.853133	747	0.307898	0.335000	0.345937	
773	0.332471	82	0.268293	145	0.489655	1.853133	773	0.332471	0.350000	0.345967	
743	0.358008	89	0.224719	168	0.541667	1.853133	743	0.358008	0.377000	0.346199	
743	0.300135	104	0.163462	153	0.692810	1.853133	743	0.300135	0.346000	0.346197	
774	0.328165	76	0.171053	150	0.600000	1.853133	774	0.328165	0.357000	0.346277	
754	0.299735	72	0.152778	174	0.436782	1.853133	754	0.299735	0.313000	0.346034	
712	0.356742	108	0.166667	180	0.677778	1.853133	712	0.356742	0.394000	0.346382	
729	0.327846	90	0.111111	181	0.651934	1.853133	729	0.327846	0.367000	0.346530	
703	0.298720	120	0.125000	177	0.451977	1.853133	703	0.298720	0.305000	0.346233	
734	0.291553	75	0.146667	191	0.565445	1.853133	734	0.291553	0.333000	0.346139	
739	0.292287	81	0.185185	180	0.516667	1.853133	739	0.292287	0.324000	0.345983	
740	0.274324	109	0.201835	151	0.516556	1.853133	740	0.274324	0.303000	0.345683	
737	0.291723	109	0.183486	154	0.564935	1.853133	737	0.291723	0.322000	0.345518	
732	0.315574	88	0.238636	180	0.494444	1.853133	732	0.315574	0.341000	0.345487	
688	0.311047	134	0.171642	178	0.410112	1.853133	688	0.311047	0.310000	0.345244	
731	0.290014	107	0.242991	162	0.450617	1.853133	731	0.290014	0.311000	0.345011	
743	0.304172	75	0.173333	182	0.368132	1.853133	743	0.304172	0.306000	0.344748	
741	0.306343	75	0.306667	184	0.211957	1.853133	741	0.306343	0.289000	0.344374	
746	0.286863	73	0.260274	181	0.475138	1.853133	746	0.286863	0.319000	0.344204	
760	0.314474	81	0.160494	159	0.477987	1.853133	760	0.314474	0.328000	0.344097	
732	0.336066	75	0.306667	193	0.445596	1.853133	732	0.336066	0.355000	0.344169	
750	0.317333	93	0.193548	157	0.617834	1.853133	750	0.317333	0.353000	0.344227	
737	0.322931	97	0.268041	166	0.560241	1.853133	737	0.322931	0.357000	0.344309	
715	0.304895	119	0.134454	166	0.554217	1.853133	715	0.304895	0.326000	0.344191	
748	0.331551	101	0.198020	151	0.629139	1.853133	748	0.331551	0.363000	0.344312	
750	0.321333	130	0.192308	120	0.358333	1.853133	750	0.321333	0.309000	0.344087	
719	0.317107	112	0.151786	169	0.745562	1.853133	719	0.317107	0.371000	0.344257	
754	0.311671	113	0.141593	133	0.601504	1.853133	754	0.311671	0.331000	0.344174	
732	0.296448	121	0.148760	147	0.591837	1.853133	732	0.296448	0.322000	0.344035	
705	0.280851	140	0.178571	155	0.677419	1.853133	705	0.280851	0.328000	0.343936	
739	0.322057	101	0.148515	160	0.675000	1.853133	739	0.322057	0.361000	0.344041	
741	0.283401	115	0.130435	144	0.583333	1.853133	741	0.283401	0.309000	0.343826	
768	0.287760	77	0.181818	155	0.561290	1.853133	768	0.287760	0.322000	0.343693	
745	0.344966	94	0.159574	161	0.074534	1.853133	745	0.344966	0.284000	0.343331	
739	0.343708	108	0.203704	153	0.522876	1.853133	739	0.343708	0.356000	0.343408	
715	0.278322	125	0.176000	160	0.606250	1.853133	715	0.278322	0.318000	0.343255	
773	0.347995	65	0.169231	162	0.635802	1.853133	773	0.347995	0.383000	0.343492	
743	0.309556	94	0.170213	163	0.631902	1.853133	743	0.309556	0.349000	0.343525	
742	0.270889	85	0.223529	173	0.595376	1.853133	742	0.270889	0.323000	0.343404	
744	0.288978	109	0.192661	147	0.455782	1.853133	744	0.288978	0.303000	0.343168	
770	0.309091	87	0.195402	143	0.545455	1.853133	770	0.309091	0.333000	0.343108	
709	0.267983	122	0.106557	169	0.544379	1.853133	709	0.267983	0.295000	0.342830	
705	0.217021	98	0.183673	197	0.609137	1.853133	705	0.217021	0.291000	0.342533	
689	0.267054	98	0.132653	213	0.685446	1.853133	689	0.267054	0.343000	0.342535	
736	0.262228	97	0.226804	167	0.562874	1.853133	736	0.262228	0.309000	0.342345	
697	0.261119	109	0.229358	194	0.685567	1.853133	697	0.261119	0.340000	0.342331	
719	0.299026	77	0.220779	204	0.647059	1.853133	719	0.299026	0.364000	0.342453	
787	0.306226	66	0.227273	147	0.523810	1.853133	787	0.306226	0.333000	0.342400	
755	0.267550	75	0.080000	170	0.405882	1.853133	755	0.267550	0.277000	0.342037	
746	0.293566	64	0.203125	190	0.578947	1.853133	746	0.293566	0.342000	0.342037	
788	0.270305	62	0.258065	150	0.640000	1.853133	788	0.270305	0.325000	0.341943	
737	0.299864	85	0.200000	178	0.589888	1.853133	737	0.299864	0.343000	0.341949	
737	0.337856	117	0.188034	146	0.643836	1.853133	737	0.337856	0.365000	0.342074	
759	0.322793	101	0.168317	140	0.692857	1.853133	759	0.322793	0.359000	0.342166	
756	0.373016	109	0.201835	135	0.637037	1.853133	756	0.373016	0.390000	0.342423	
756	0.289683	83	0.313253	161	0.695652	1.853133	756	0.289683	0.357000	0.342501	
760	0.297368	77	0.207792	163	0.711656	1.853133	760	0.297368	0.358000	0.342583	
756	0.292328	108	0.185185	136	0.647059	1.853133	756	0.292328	0.329000	0.342511	
769	0.301691	71	0.323944	160	0.600000	1.853133	769	0.301691	0.351000	0.342556	
737	0.295794	99	0.252525	164	0.731707	1.853133	737	0.295794	0.363000	0.342663	
756	0.309524	66	0.196970	178	0.601124	1.853133	756	0.309524	0.354000	0.342722	
758	0.302111	91	0.109890	151	0.662252	1.853133	758	0.302111	0.339000	0.342703	
720	0.295833	111	0.135135	169	0.585799	1.853133	720	0.295833	0.327000	0.342622	
746	0.327078	75	0.160000	179	0.608939	1.853133	746	0.327078	0.365000	0.342737	
755	0.325828	74	0.108108	171	0.485380	1.853133	755	0.325828	0.337000	0.342707	
732	0.284153	115	0.104348	153	0.673203	1.853133	732	0.284153	0.323000	0.342607	
752	0.303191	88	0.181818	160	0.562500	1.853133	752	0.303191	0.334000	0.342564	
751	0.311585	105	0.142857	144	0.569444	1.853133	751	0.311585	0.331000	0.342506	
788	0.321066	64	0.312500	148	0.520270	1.853133	788	0.321066	0.350000	0.342543	
759	0.364954	94	0.117021	147	0.551020	1.853133	759	0.364954	0.369000	0.342675	
770	0.393506	92	0.217391	138	0.594203	1.853133	770	0.393506	0.405000	0.342983	
749	0.339119	103	0.174757	148	0.581081	1.853133	749	0.339119	0.358000	0.343057	
780	0.319231	80	0.312500	140	0.564286	1.853133	780	0.319231	0.353000	0.343106	
799	0.355444	43	0.209302	158	0.664557	1.853133	799	0.355444	0.398000	0.343374	
781	0.307298	74	0.162162	145	0.586207	1.853133	781	0.307298	0.337000	0.343343	
751	0.318242	84	0.166667	165	0.515152	1.853133	751	0.318242	0.338000	0.343317	
741	0.331984	94	0.138298	165	0.612121	1.853133	741	0.331984	0.360000	0.343397	
767	0.314211	75	0.160000	158	0.588608	1.853133	767	0.314211	0.346000	0.343410	
772	0.334197	81	0.283951	147	0.632653	1.853133	772	0.334197	0.374000	0.343556	
761	0.307490	78	0.282051	161	0.527950	1.853133	761	0.307490	0.341000	0.343543	
755	0.373510	80	0.262500	165	0.569697	1.853133	755	0.373510	0.397000	0.343796	
756	0.260582	99	0.121212	145	0.613793	1.853133	756	0.260582	0.298000	0.343581	
761	0.388962	65	0.307692	174	0.597701	1.853133	761	0.388962	0.420000	0.343938	
631	0.240887	106	0.169811	263	0.558935	1.853133	631	0.240887	0.317000	0.343812	
738	0.321138	123	0.203252	139	0.618705	1.853133	738	0.321138	0.348000	0.343832	
752	0.343085	88	0.193182	160	0.643750	1.853133	752	0.343085	0.378000	0.343989	
761	0.331143	71	0.239437	168	0.583333	1.853133	761	0.331143	0.367000	0.344095	
774	0.304910	78	0.243590	148	0.648649	1.853133	774	0.304910	0.351000	0.344126	
737	0.336499	89	0.224719	174	0.517241	1.853133	737	0.336499	0.358000	0.344189	
756	0.343915	86	0.313953	158	0.620253	1.853133	756	0.343915	0.385000	0.344374	
747	0.306560	91	0.153846	162	0.543210	1.853133	747	0.306560	0.331000	0.344314	
738	0.315718	87	0.126437	175	0.605714	1.853133	738	0.315718	0.350000	0.344339	
776	0.353093	94	0.117021	130	0.630769	1.853133	776	0.353093	0.367000	0.344440	
743	0.367429	99	0.181818	158	0.664557	1.853133	743	0.367429	0.396000	0.344670	
763	0.343381	86	0.186047	151	0.635762	1.853133	763	0.343381	0.374000	0.344799	
731	0.343365	104	0.221154	165	0.606061	1.853133	731	0.343365	0.374000	0.344928	
739	0.301759	120	0.183333	141	0.652482	1.853133	739	0.301759	0.337000	0.344893	
732	0.346995	135	0.074074	133	0.609023	1.853133	732	0.346995	0.345000	0.344894	
733	0.368349	120	0.183333	147	0.680272	1.853133	733	0.368349	0.392000	0.345098	
776	0.329897	97	0.123711	127	0.590551	1.853133	776	0.329897	0.343000	0.345089	
732	0.299180	117	0.145299	151	0.668874	1.853133	732	0.299180	0.337000	0.345055	
737	0.291723	101	0.207921	162	0.450617	1.853133	737	0.291723	0.309000	0.344900	
698	0.285100	125	0.224000	177	0.559322	1.853133	698	0.285100	0.326000	0.344819	
740	0.281081	123	0.186992	137	0.576642	1.853133	740	0.281081	0.310000	0.344671	
727	0.291609	98	0.214286	175	0.594286	1.853133	727	0.291609	0.337000	0.344638	
723	0.305671	105	0.190476	172	0.622093	1.853133	723	0.305671	0.348000	0.344653	
732	0.323770	112	0.205357	156	0.544872	1.853133	732	0.323770	0.345000	0.344654	
733	0.311050	107	0.158879	160	0.625000	1.853133	733	0.311050	0.345000	0.344655	
742	0.340970	107	0.177570	151	0.543046	1.853133	742	0.340970	0.354000	0.344694	
735	0.327891	108	0.240741	157	0.439490	1.853133	735	0.327891	0.336000	0.344658	
745	0.320805	109	0.211009	146	0.732877	1.853133	745	0.320805	0.369000	0.344759	
742	0.384097	113	0.159292	145	0.744828	1.853133	742	0.384097	0.411000	0.345032	
740	0.320270	106	0.160377	154	0.636364	1.853133	740	0.320270	0.352000	0.345060	
731	0.343365	91	0.230769	178	0.629213	1.853133	731	0.343365	0.384000	0.345219	
791	0.367889	74	0.283784	135	0.659259	1.853133	791	0.367889	0.401000	0.345446	
749	0.403204	97	0.195876	154	0.642857	1.853133	749	0.403204	0.420000	0.345748	
788	0.281726	79	0.177215	133	0.616541	2.287479	788	0.281726	0.318000	0.345636	
790	0.292405	54	0.240741	156	0.544872	2.287479	790	0.292405	0.329000	0.345569	
766	0.298956	60	0.283333	174	0.482759	2.287479	766	0.298956	0.330000	0.345507	
769	0.312094	61	0.131148	170	0.552941	2.287479	769	0.312094	0.342000	0.345493	
724	0.262431	106	0.264151	170	0.588235	2.287479	724	0.262431	0.318000	0.345384	
760	0.247368	95	0.189474	145	0.482759	2.287479	760	0.247368	0.276000	0.345109	
768	0.268229	76	0.210526	156	0.576923	2.287479	768	0.268229	0.312000	0.344979	
781	0.247119	66	0.227273	153	0.542484	2.287479	781	0.247119	0.291000	0.344767	
752	0.284574	99	0.232323	149	0.677852	2.287479	752	0.284574	0.338000	0.344741	
746	0.253351	109	0.201835	145	0.551724	2.287479	746	0.253351	0.291000	0.344532	
784	0.272959	45	0.244444	171	0.590643	2.287479	784	0.272959	0.326000	0.344460	
756	0.251323	72	0.236111	172	0.627907	2.287479	756	0.251323	0.315000	0.344346	
734	0.276567	106	0.179245	160	0.456250	2.287479	734	0.276567	0.295000	0.344156	
765	0.269281	74	0.270270	161	0.645963	2.287479	765	0.269281	0.330000	0.344102	
754	0.261273	86	0.220930	160	0.568750	2.287479	754	0.261273	0.307000	0.343961	
750	0.249333	103	0.165049	147	0.517007	2.287479	750	0.249333	0.280000	0.343717	
757	0.299868	61	0.081967	182	0.565934	2.287479	757	0.299868	0.335000	0.343684	
776	0.243557	65	0.153846	159	0.471698	2.287479	776	0.243557	0.274000	0.343421	
788	0.266497	68	0.250000	144	0.618056	2.287479	788	0.266497	0.316000	0.343318	
771	0.303502	76	0.276316	153	0.542484	2.287479	771	0.303502	0.338000	0.343298	
744	0.315860	91	0.087912	165	0.545455	2.287479	744	0.315860	0.333000	0.343260	
776	0.277062	83	0.253012	141	0.638298	2.287479	776	0.277062	0.326000	0.343196	
746	0.253351	82	0.256098	172	0.639535	2.287479	746	0.253351	0.320000	0.343110	
774	0.304910	83	0.192771	143	0.587413	2.287479	774	0.304910	0.336000	0.343084	
741	0.280702	67	0.253731	192	0.583333	2.287479	741	0.280702	0.337000	0.343061	
775	0.305806	65	0.153846	160	0.481250	2.287479	775	0.305806	0.324000	0.342991	
713	0.265077	116	0.120690	171	0.614035	2.287479	713	0.265077	0.308000	0.342864	
734	0.291553	107	0.261682	159	0.641509	2.287479	734	0.291553	0.344000	0.342868	
756	0.318783	97	0.206186	147	0.632653	2.287479	756	0.318783	0.354000	0.342908	
764	0.270942	95	0.126316	141	0.567376	2.287479	764	0.270942	0.299000	0.342750	
748	0.272727	86	0.220930	166	0.554217	2.287479	748	0.272727	0.315000	0.342650	
760	0.306579	81	0.296296	159	0.528302	2.287479	760	0.306579	0.341000	0.342644	
783	0.234994	65	0.230769	152	0.532895	2.287479	783	0.234994	0.280000	0.342420	
740	0.264865	90	0.277778	170	0.494118	2.287479	740	0.264865	0.305000	0.342287	
763	0.242464	80	0.200000	157	0.719745	2.287479	763	0.242464	0.314000	0.342187	
794	0.277078	51	0.078431	155	0.612903	2.287479	794	0.277078	0.319000	0.342105	
790	0.296203	85	0.270588	125	0.504000	2.287479	790	0.296203	0.320000	0.342027	
764	0.260471	85	0.188235	151	0.516556	2.287479	764	0.260471	0.293000	0.341855	
714	0.264706	111	0.153153	175	0.588571	2.287479	714	0.264706	0.309000	0.341740	
766	0.233681	74	0.270270	160	0.618750	2.287479	766	0.233681	0.298000	0.341588	
740	0.270270	95	0.200000	165	0.600000	2.287479	740	0.270270	0.318000	0.341506	
762	0.295276	96	0.177083	142	0.605634	2.287479	762	0.295276	0.328000	0.341459	
767	0.301173	81	0.246914	152	0.638158	2.287479	767	0.301173	0.348000	0.341482	
743	0.248991	82	0.256098	175	0.497143	2.287479	743	0.248991	0.293000	0.341315	
763	0.266055	55	0.200000	182	0.642857	2.287479	763	0.266055	0.331000	0.341280	
782	0.292839	48	0.166667	170	0.635294	2.287479	782	0.292839	0.345000	0.341292	
802	0.290524	55	0.090909	143	0.552448	2.287479	802	0.290524	0.317000	0.341210	
733	0.231924	105	0.123810	162	0.641975	2.287479	733	0.231924	0.287000	0.341026	
725	0.183448	115	0.130435	160	0.712500	2.287479	725	0.183448	0.262000	0.340759	
724	0.319061	103	0.135922	173	0.601156	1.515906	724	0.319061	0.349000	0.340787	
713	0.394109	114	0.175439	173	0.641618	1.515906	713	0.394109	0.412000	0.341026	
754	0.362069	92	0.195652	154	0.636364	1.515906	754	0.362069	0.389000	0.341186	
747	0.357430	101	0.188119	152	0.657895	1.515906	747	0.357430	0.386000	0.341336	
741	0.368421	94	0.244681	165	0.612121	1.515906	741	0.368421	0.397000	0.341520	
769	0.345904	75	0.240000	156	0.544872	1.515906	769	0.345904	0.369000	0.341611	
773	0.404916	79	0.227848	148	0.662162	1.515906	773	0.404916	0.429000	0.341900	
752	0.154255	105	0.133333	143	0.650350	2.970321	752	0.154255	0.223000	0.341509	
733	0.313779	120	0.141667	147	0.639456	1.816374	733	0.313779	0.341000	0.341507	
750	0.332000	73	0.342466	177	0.361582	1.816374	750	0.332000	0.338000	0.341496	
753	0.314741	68	0.279412	179	0.603352	1.816374	753	0.314741	0.364000	0.341569	
760	0.288158	73	0.205479	167	0.628743	1.816374	760	0.288158	0.339000	0.341561	
732	0.326503	82	0.292683	186	0.682796	1.816374	732	0.326503	0.390000	0.341717	
763	0.293578	67	0.164179	170	0.652941	1.816374	763	0.293578	0.346000	0.341731	
751	0.346205	71	0.197183	178	0.617978	1.816374	751	0.346205	0.384000	0.341867	
756	0.335979	68	0.235294	176	0.556818	1.816374	756	0.335979	0.368000	0.341951	
734	0.310627	109	0.155963	157	0.662420	1.816374	734	0.310627	0.349000	0.341973	
733	0.317872	109	0.220183	158	0.677215	1.816374	733	0.317872	0.364000	0.342043	
735	0.302041	125	0.056000	140	0.650000	1.816374	735	0.302041	0.320000	0.341974	
717	0.291492	102	0.127451	181	0.558011	1.816374	717	0.291492	0.323000	0.341913	
727	0.313618	100	0.140000	173	0.664740	1.816374	727	0.313618	0.357000	0.341961	
756	0.300265	90	0.233333	154	0.525974	1.816374	756	0.300265	0.329000	0.341920	
769	0.335501	67	0.223881	164	0.597561	1.816374	769	0.335501	0.371000	0.342011	
767	0.292047	52	0.153846	181	0.569061	1.816374	767	0.292047	0.335000	0.341990	
747	0.294511	79	0.265823	174	0.373563	1.816374	747	0.294511	0.306000	0.341877	
744	0.290323	92	0.184783	164	0.573171	1.816374	744	0.290323	0.327000	0.341831	
743	0.279946	103	0.155340	154	0.584416	1.816374	743	0.279946	0.314000	0.341745	
753	0.277556	91	0.142857	156	0.455128	1.816374	753	0.277556	0.293000	0.341595	
740	0.295946	82	0.207317	178	0.584270	1.816374	740	0.295946	0.340000	0.341590	
739	0.303112	102	0.107843	159	0.628931	1.816374	739	0.303112	0.335000	0.341570	
735	0.302041	79	0.151899	186	0.419355	1.816374	735	0.302041	0.312000	0.341479	
733	0.249659	103	0.116505	164	0.310976	1.816374	733	0.249659	0.246000	0.341188	
736	0.293478	98	0.214286	166	0.572289	1.816374	736	0.293478	0.332000	0.341160	
768	0.342448	64	0.140625	168	0.565476	1.816374	768	0.342448	0.367000	0.341238	
709	0.294781	128	0.125000	163	0.582822	1.816374	709	0.294781	0.320000	0.341174	
697	0.292683	128	0.187500	175	0.491429	1.816374	697	0.292683	0.314000	0.341092	
715	0.243357	103	0.165049	182	0.571429	1.816374	715	0.243357	0.295000	0.340954	
732	0.269126	119	0.126050	149	0.577181	1.816374	732	0.269126	0.298000	0.340825	
719	0.310153	96	0.114583	185	0.518919	1.816374	719	0.310153	0.330000	0.340793	
712	0.299157	120	0.141667	168	0.648810	1.816374	712	0.299157	0.339000	0.340788	
738	0.279133	96	0.187500	166	0.530120	1.816374	738	0.279133	0.312000	0.340702	
792	0.227273	85	0.152941	123	0.666667	1.816374	792	0.227273	0.275000	0.340508	
764	0.312827	75	0.186667	161	0.714286	1.816374	764	0.312827	0.368000	0.340589	
767	0.316819	98	0.193878	135	0.518519	1.816374	767	0.316819	0.332000	0.340564	
753	0.347942	88	0.227273	159	0.572327	1.816374	753	0.347942	0.373000	0.340659	
793	0.311475	77	0.233766	130	0.615385	1.816374	793	0.311475	0.345000	0.340672	
753	0.347942	88	0.295455	159	0.578616	1.816374	753	0.347942	0.380000	0.340786	
743	0.340511	98	0.132653	159	0.603774	1.816374	743	0.340511	0.362000	0.340848	
741	0.327935	101	0.158416	158	0.569620	1.816374	741	0.327935	0.349000	0.340871	
765	0.308497	98	0.153061	137	0.386861	1.816374	765	0.308497	0.304000	0.340765	
716	0.318436	126	0.111111	158	0.588608	1.816374	716	0.318436	0.335000	0.340748	
714	0.334734	121	0.148760	165	0.557576	1.816374	714	0.334734	0.349000	0.340772	
717	0.302650	102	0.254902	181	0.524862	1.816374	717	0.302650	0.338000	0.340764	
737	0.351425	82	0.243902	181	0.453039	1.816374	737	0.351425	0.361000	0.340822	
732	0.304645	118	0.262712	150	0.626667	1.816374	732	0.304645	0.348000	0.340842	
734	0.305177	92	0.239130	174	0.643678	1.816374	734	0.305177	0.358000	0.340891	
735	0.311565	97	0.226804	168	0.488095	1.816374	735	0.311565	0.333000	0.340869	
739	0.303112	116	0.224138	145	0.579310	1.816374	739	0.303112	0.334000	0.340849	
744	0.309140	84	0.273810	172	0.546512	1.816374	744	0.309140	0.347000	0.340867	
739	0.296346	109	0.220183	152	0.644737	1.816374	739	0.296346	0.341000	0.340867	
700	0.321429	126	0.166667	174	0.545977	1.816374	700	0.321429	0.341000	0.340867	
754	0.291777	82	0.292683	164	0.664634	1.816374	754	0.291777	0.353000	0.340901	
711	0.298172	92	0.184783	197	0.568528	1.816374	711	0.298172	0.341000	0.340902	
744	0.338710	95	0.231579	161	0.602484	1.816374	744	0.338710	0.371000	0.340985	
701	0.349501	136	0.139706	163	0.564417	1.816374	701	0.349501	0.356000	0.341027	
758	0.295515	78	0.217949	164	0.536585	1.816374	758	0.295515	0.329000	0.340994	
738	0.325203	109	0.183486	153	0.640523	1.816374	738	0.325203	0.358000	0.341040	
710	0.330986	136	0.154412	154	0.597403	1.816374	710	0.330986	0.348000	0.341060	
750	0.298667	98	0.193878	152	0.611842	1.816374	750	0.298667	0.336000	0.341046	
734	0.303815	107	0.177570	159	0.540881	1.816374	734	0.303815	0.328000	0.341010	
725	0.310345	116	0.172414	159	0.515723	1.816374	725	0.310345	0.327000	0.340972	
728	0.298077	106	0.207547	166	0.590361	1.816374	728	0.298077	0.337000	0.340961	
748	0.304813	125	0.176000	127	0.527559	1.816374	748	0.304813	0.317000	0.340896	
760	0.281579	108	0.185185	132	0.462121	1.816374	760	0.281579	0.295000	0.340772	
736	0.283967	97	0.319588	167	0.562874	1.816374	736	0.283967	0.334000	0.340754	
757	0.318362	75	0.186667	168	0.523810	1.816374	757	0.318362	0.343000	0.340760	
735	0.277551	104	0.115385	161	0.614907	1.816374	735	0.277551	0.315000	0.340691	
724	0.280387	112	0.142857	164	0.567073	1.816374	724	0.280387	0.312000	0.340614	
746	0.261394	100	0.260000	154	0.707792	1.816374	746	0.261394	0.330000	0.340586	
735	0.270748	115	0.226087	150	0.526667	1.816374	735	0.270748	0.304000	0.340488	
720	0.254167	85	0.152941	195	0.620513	1.816374	720	0.254167	0.317000	0.340426	
757	0.305152	70	0.214286	173	0.508671	1.816374	757	0.305152	0.334000	0.340409	
781	0.317542	54	0.185185	165	0.478788	1.816374	781	0.317542	0.337000	0.340400	
742	0.292453	108	0.138889	150	0.600000	1.816374	742	0.292453	0.322000	0.340352	
780	0.330769	62	0.306452	158	0.544304	1.816374	780	0.330769	0.363000	0.340411	
766	0.301567	94	0.255319	140	0.685714	1.816374	766	0.301567	0.351000	0.340439	
738	0.314363	109	0.146789	153	0.699346	1.816374	738	0.314363	0.355000	0.340477	
777	0.365508	84	0.214286	139	0.712230	1.816374	777	0.365508	0.401000	0.340635	
734	0.307902	79	0.151899	187	0.700535	1.816374	734	0.307902	0.369000	0.340708	
738	0.302168	120	0.208333	142	0.471831	1.816374	738	0.302168	0.315000	0.340642	
766	0.383812	73	0.164384	161	0.503106	1.816374	766	0.383812	0.387000	0.340761	
794	0.358942	59	0.169492	147	0.455782	1.816374	794	0.358942	0.362000	0.340816	
746	0.378016	87	0.195402	167	0.479042	1.816374	746	0.378016	0.379000	0.340914	
756	0.342593	89	0.179775	155	0.587097	1.816374	756	0.342593	0.366000	0.340979	
743	0.332436	110	0.190909	147	0.639456	1.816374	743	0.332436	0.362000	0.341032	
784	0.367347	80	0.200000	136	0.683824	1.816374	784	0.367347	0.397000	0.341175	
744	0.322581	102	0.186275	154	0.649351	1.816374	744	0.322581	0.359000	0.341221	
770	0.342857	75	0.160000	155	0.567742	1.816374	770	0.342857	0.364000	0.341278	
774	0.339793	71	0.169014	155	0.477419	1.816374	774	0.339793	0.349000	0.341298	
791	0.356511	66	0.181818	143	0.706294	1.816374	791	0.356511	0.395000	0.341433	
754	0.348806	93	0.193548	153	0.653595	1.816374	754	0.348806	0.381000	0.341533	
753	0.329349	84	0.214286	163	0.619632	1.816374	753	0.329349	0.367000	0.341597	
753	0.355910	109	0.165138	138	0.565217	1.816374	753	0.355910	0.364000	0.341653	
756	0.363757	68	0.235294	176	0.568182	1.816374	756	0.363757	0.391000	0.341777	
752	0.331117	93	0.193548	155	0.645161	1.816374	752	0.331117	0.367000	0.341840	
734	0.316076	94	0.159574	172	0.593023	1.816374	734	0.316076	0.349000	0.341857	
767	0.350717	76	0.184211	157	0.745223	1.816374	767	0.350717	0.400000	0.342002	
756	0.375661	98	0.275510	146	0.753425	1.816374	756	0.375661	0.421000	0.342197	
750	0.304000	97	0.185567	153	0.633987	1.816374	750	0.304000	0.343000	0.342199	
720	0.316667	107	0.261682	173	0.647399	1.816374	720	0.316667	0.368000	0.342263	
765	0.373856	67	0.268657	168	0.654762	1.816374	765	0.373856	0.414000	0.342439	
761	0.325887	84	0.309524	155	0.561290	1.816374	761	0.325887	0.361000	0.342484	
732	0.299180	74	0.202703	194	0.407216	1.816374	732	0.299180	0.313000	0.342412	
784	0.299745	58	0.241379	158	0.563291	1.816374	784	0.299745	0.338000	0.342402	
756	0.321429	64	0.296875	180	0.561111	1.816374	756	0.321429	0.363000	0.342452	
776	0.350515	50	0.120000	174	0.678161	1.816374	776	0.350515	0.396000	0.342582	
738	0.344173	70	0.328571	192	0.614583	1.816374	738	0.344173	0.395000	0.342709	
777	0.312741	34	0.205882	189	0.582011	1.816374	777	0.312741	0.360000	0.342750	
812	0.357143	29	0.068966	159	0.647799	1.816374	812	0.357143	0.395000	0.342876	
780	0.325641	78	0.269231	142	0.605634	1.816374	780	0.325641	0.361000	0.342920	
771	0.332036	99	0.222222	130	0.707692	1.816374	771	0.332036	0.370000	0.342985	
769	0.364109	80	0.175000	151	0.675497	1.816374	769	0.364109	0.396000	0.343112	
730	0.360274	102	0.245098	168	0.601190	1.816374	730	0.360274	0.389000	0.343221	
765	0.359477	87	0.206897	148	0.675676	1.816374	765	0.359477	0.393000	0.343340	
769	0.318596	64	0.296875	167	0.550898	1.816374	769	0.318596	0.356000	0.343370	
758	0.307388	57	0.157895	185	0.675676	1.816374	758	0.307388	0.367000	0.343426	
743	0.348587	88	0.261364	169	0.615385	1.816374	743	0.348587	0.386000	0.343526	
747	0.381526	97	0.288660	156	0.679487	1.816374	747	0.381526	0.419000	0.343704	
762	0.308399	78	0.179487	160	0.487500	1.816374	762	0.308399	0.327000	0.343665	
739	0.276049	89	0.224719	172	0.563953	1.816374	739	0.276049	0.321000	0.343612	
737	0.303935	90	0.211111	173	0.612717	1.816374	737	0.303935	0.349000	0.343624	
753	0.329349	84	0.202381	163	0.607362	1.816374	753	0.329349	0.364000	0.343672	
749	0.336449	97	0.134021	154	0.623377	1.816374	749	0.336449	0.361000	0.343712	
744	0.380376	86	0.220930	170	0.617647	1.816374	744	0.380376	0.407000	0.343860	
738	0.345528	75	0.200000	187	0.556150	1.816374	738	0.345528	0.374000	0.343930	
743	0.367429	99	0.222222	158	0.518987	1.816374	743	0.367429	0.377000	0.344006	
770	0.340260	71	0.239437	159	0.660377	1.816374	770	0.340260	0.384000	0.344099	
758	0.352243	84	0.190476	158	0.487342	1.816374	758	0.352243	0.360000	0.344135	
801	0.320849	48	0.166667	151	0.622517	1.816374	801	0.320849	0.359000	0.344169	
768	0.382812	65	0.307692	167	0.628743	1.816374	768	0.382812	0.419000	0.344341	
758	0.354881	90	0.188889	152	0.592105	1.816374	758	0.354881	0.376000	0.344413	
771	0.381323	67	0.194030	162	0.629630	1.816374	771	0.381323	0.409000	0.344561	
748	0.350267	90	0.155556	162	0.580247	1.816374	748	0.350267	0.370000	0.344619	
781	0.377721	64	0.234375	155	0.516129	1.816374	781	0.377721	0.390000	0.344722	
743	0.358008	83	0.192771	174	0.517241	1.816374	743	0.358008	0.372000	0.344784	
770	0.350649	76	0.223684	154	0.714286	1.816374	770	0.350649	0.397000	0.344902	
764	0.335079	91	0.109890	145	0.579310	1.816374	764	0.335079	0.350000	0.344913	
764	0.349476	64	0.171875	172	0.598837	1.816374	764	0.349476	0.381000	0.344995	
779	0.310655	67	0.208955	154	0.603896	1.816374	779	0.310655	0.349000	0.345004	
764	0.323298	66	0.181818	170	0.564706	1.816374	764	0.323298	0.355000	0.345026	
735	0.325170	100	0.100000	165	0.466667	1.816374	735	0.325170	0.326000	0.344984	
765	0.367320	79	0.240506	156	0.589744	1.816374	765	0.367320	0.392000	0.345089	
777	0.332046	68	0.161765	155	0.483871	1.816374	777	0.332046	0.344000	0.345086	
760	0.292105	82	0.182927	158	0.563291	1.816374	760	0.292105	0.326000	0.345044	
755	0.356291	83	0.132530	162	0.561728	1.816374	755	0.356291	0.371000	0.345101	
785	0.379618	71	0.197183	144	0.694444	1.816374	785	0.379618	0.412000	0.345249	
752	0.372340	69	0.159420	179	0.670391	1.816374	752	0.372340	0.411000	0.345394	
739	0.365359	111	0.135135	150	0.513333	1.816374	739	0.365359	0.362000	0.345431	
750	0.349333	69	0.231884	181	0.640884	1.816374	750	0.349333	0.394000	0.345538	
762	0.366142	90	0.166667	148	0.655405	1.816374	762	0.366142	0.391000	0.345637	
753	0.350598	64	0.187500	183	0.655738	1.816374	753	0.350598	0.396000	0.345748	
727	0.317744	127	0.173228	146	0.493151	1.816374	727	0.317744	0.325000	0.345702	
772	0.345855	88	0.238636	140	0.685714	1.816374	772	0.345855	0.384000	0.345786	
765	0.373856	97	0.185567	138	0.623188	1.816374	765	0.373856	0.390000	0.345882	
754	0.364721	75	0.253333	171	0.690058	1.816374	754	0.364721	0.412000	0.346025	
770	0.340260	78	0.230769	152	0.440789	1.816374	770	0.340260	0.347000	0.346027	
758	0.352243	101	0.227723	141	0.617021	1.816374	758	0.352243	0.377000	0.346094	
768	0.377604	72	0.236111	160	0.693750	1.816374	768	0.377604	0.418000	0.346249	
762	0.339895	82	0.292683	156	0.551282	1.816374	762	0.339895	0.369000	0.346298	
757	0.350066	105	0.200000	138	0.514493	1.816374	757	0.350066	0.357000	0.346321	
808	0.379950	58	0.155172	134	0.604478	1.816374	808	0.379950	0.397000	0.346430	
774	0.360465	75	0.146667	151	0.596026	1.816374	774	0.360465	0.380000	0.346501	
786	0.358779	62	0.161290	152	0.625000	1.816374	786	0.358779	0.387000	0.346588	
734	0.306540	101	0.227723	165	0.533333	1.816374	734	0.306540	0.336000	0.346565	
792	0.330808	84	0.238095	124	0.596774	1.816374	792	0.330808	0.356000	0.346585	
756	0.345238	90	0.111111	154	0.577922	1.816374	756	0.345238	0.360000	0.346614	
756	0.318783	110	0.109091	134	0.656716	1.816374	756	0.318783	0.341000	0.346602	
722	0.337950	100	0.250000	178	0.674157	1.816374	722	0.337950	0.389000	0.346691	
738	0.334688	85	0.223529	177	0.683616	1.816374	738	0.334688	0.387000	0.346776	
764	0.293194	91	0.219780	145	0.358621	1.816374	764	0.293194	0.296000	0.346669	
716	0.303073	97	0.185567	187	0.636364	1.816374	716	0.303073	0.354000	0.346685	
741	0.290148	102	0.137255	157	0.375796	1.816374	741	0.290148	0.288000	0.346562	
771	0.269780	70	0.214286	159	0.515723	1.816374	771	0.269780	0.305000	0.346475	
723	0.295989	131	0.122137	146	0.650685	1.816374	723	0.295989	0.325000	0.346431	
724	0.284530	122	0.131148	154	0.668831	1.816374	724	0.284530	0.325000	0.346386	
785	0.301911	83	0.240964	132	0.606061	1.816374	785	0.301911	0.337000	0.346367	
767	0.282920	105	0.209524	128	0.562500	1.816374	767	0.282920	0.311000	0.346293	
771	0.302205	65	0.307692	164	0.603659	1.816374	771	0.302205	0.352000	0.346305	
759	0.316206	71	0.253521	170	0.647059	1.816374	759	0.316206	0.368000	0.346350	
747	0.344043	87	0.183908	166	0.500000	1.816374	747	0.344043	0.356000	0.346370	
784	0.309949	62	0.177419	154	0.603896	1.816374	784	0.309949	0.347000	0.346371	
730	0.350685	121	0.165289	149	0.597315	1.816374	730	0.350685	0.365000	0.346409	
721	0.330097	105	0.190476	174	0.637931	1.816374	721	0.330097	0.369000	0.346455	
726	0.312672	112	0.151786	162	0.586420	1.816374	726	0.312672	0.339000	0.346440	
737	0.343284	94	0.191489	169	0.698225	1.816374	737	0.343284	0.389000	0.346527	
739	0.353180	78	0.141026	183	0.612022	1.816374	739	0.353180	0.384000	0.346603	
729	0.312757	98	0.173469	173	0.583815	1.816374	729	0.312757	0.346000	0.346602	
753	0.347942	92	0.184783	155	0.690323	1.816374	753	0.347942	0.386000	0.346681	
714	0.317927	111	0.180180	175	0.565714	1.816374	714	0.317927	0.346000	0.346680	
718	0.318942	107	0.149533	175	0.520000	1.816374	718	0.318942	0.336000	0.346659	
757	0.342140	81	0.148148	162	0.728395	1.816374	757	0.342140	0.389000	0.346744	
720	0.319444	95	0.094737	185	0.583784	1.816374	720	0.319444	0.347000	0.346744	
732	0.368852	86	0.197674	182	0.719780	1.816374	732	0.368852	0.418000	0.346887	
717	0.368201	134	0.141791	149	0.610738	1.816374	717	0.368201	0.374000	0.346941	
747	0.361446	99	0.212121	154	0.603896	1.816374	747	0.361446	0.384000	0.347015	
784	0.294643	64	0.187500	152	0.592105	1.816374	784	0.294643	0.333000	0.346987	
712	0.318820	122	0.131148	166	0.548193	1.816374	712	0.318820	0.334000	0.346962	
784	0.301020	73	0.260274	143	0.755245	1.816374	784	0.301020	0.363000	0.346993	
741	0.306343	100	0.270000	159	0.591195	1.816374	741	0.306343	0.348000	0.346995	
747	0.313253	109	0.137615	144	0.423611	1.816374	747	0.313253	0.310000	0.346922	
722	0.292244	109	0.201835	169	0.514793	1.816374	722	0.292244	0.320000	0.346869	
722	0.324100	132	0.121212	146	0.417808	1.816374	722	0.324100	0.311000	0.346799	
766	0.334204	78	0.243590	156	0.583333	1.816374	766	0.334204	0.366000	0.346836	
735	0.289796	103	0.184466	162	0.611111	1.816374	735	0.289796	0.331000	0.346805	
735	0.342857	97	0.185567	168	0.625000	1.816374	735	0.342857	0.375000	0.346860	
770	0.302597	75	0.306667	155	0.567742	1.816374	770	0.302597	0.344000	0.346855	
743	0.339166	102	0.186275	155	0.729032	1.816374	743	0.339166	0.384000	0.346927	
778	0.318766	84	0.178571	138	0.601449	1.816374	778	0.318766	0.346000	0.346925	
728	0.322802	104	0.211538	168	0.613095	1.816374	728	0.322802	0.360000	0.346951	
719	0.336579	118	0.203390	163	0.674847	1.816374	719	0.336579	0.376000	0.347007	
774	0.333333	78	0.243590	148	0.621622	1.816374	774	0.333333	0.369000	0.347050	
744	0.321237	100	0.230000	156	0.596154	1.816374	744	0.321237	0.355000	0.347065	
740	0.309459	97	0.247423	163	0.638037	1.816374	740	0.309459	0.357000	0.347084	
747	0.270415	73	0.232877	180	0.577778	1.816374	747	0.270415	0.323000	0.347038	
768	0.302083	61	0.295082	171	0.561404	1.816374	768	0.302083	0.346000	0.347036	
733	0.291951	109	0.201835	158	0.537975	1.816374	733	0.291951	0.321000	0.346986	
755	0.262252	120	0.141667	125	0.568000	1.816374	755	0.262252	0.286000	0.346869	
754	0.318302	79	0.215190	167	0.712575	1.816374	754	0.318302	0.376000	0.346925	
731	0.326949	112	0.205357	157	0.643312	1.816374	731	0.326949	0.363000	0.346956	
792	0.299242	51	0.235294	157	0.694268	1.816374	792	0.299242	0.358000	0.346977	
739	0.292287	106	0.188679	155	0.600000	1.816374	739	0.292287	0.329000	0.346942	
789	0.295311	72	0.305556	139	0.625899	1.816374	789	0.295311	0.342000	0.346933	
718	0.286908	119	0.117647	163	0.503067	1.816374	718	0.286908	0.302000	0.346848	
755	0.336424	87	0.195402	158	0.734177	1.816374	755	0.336424	0.387000	0.346924	
786	0.325700	41	0.243902	173	0.560694	1.816374	786	0.325700	0.363000	0.346954	
802	0.296758	32	0.312500	166	0.662651	1.816374	802	0.296758	0.358000	0.346975	
790	0.308861	31	0.258065	179	0.670391	1.816374	790	0.308861	0.372000	0.347022	
730	0.356164	118	0.161017	152	0.611842	1.816374	730	0.356164	0.372000	0.347069	
755	0.328477	102	0.117647	143	0.643357	1.816374	755	0.328477	0.352000	0.347078	
761	0.346912	41	0.317073	198	0.671717	1.816374	761	0.346912	0.410000	0.347195	
790	0.350633	38	0.315789	172	0.622093	1.816374	790	0.350633	0.396000	0.347286	
745	0.343624	63	0.301587	192	0.161458	1.816374	745	0.343624	0.306000	0.347209	
740	0.301351	99	0.171717	161	0.683230	1.816374	740	0.301351	0.350000	0.347215	
734	0.346049	95	0.200000	171	0.678363	1.816374	734	0.346049	0.389000	0.347292	
745	0.323490	100	0.230000	155	0.722581	1.816374	745	0.323490	0.376000	0.347345	
760	0.290789	75	0.240000	165	0.715152	1.816374	760	0.290789	0.357000	0.347363	
730	0.343836	109	0.174312	161	0.714286	1.816374	730	0.343836	0.385000	0.347432	
744	0.356183	92	0.108696	164	0.628049	1.816374	744	0.356183	0.378000	0.347488	
780	0.334615	88	0.193182	132	0.553030	1.816374	780	0.334615	0.351000	0.347495	
727	0.258597	106	0.226415	167	0.664671	1.816374	727	0.258597	0.323000	0.347450	
742	0.359838	94	0.234043	164	0.658537	1.816374	742	0.359838	0.397000	0.347540	
756	0.362434	86	0.174419	158	0.632911	1.816374	756	0.362434	0.389000	0.347616	
788	0.341371	58	0.310345	154	0.603896	1.816374	788	0.341371	0.380000	0.347675	
776	0.332474	85	0.188235	139	0.661871	1.816374	776	0.332474	0.366000	0.347708	
784	0.330357	49	0.306122	167	0.586826	1.816374	784	0.330357	0.372000	0.347753	
766	0.344648	77	0.168831	157	0.726115	1.816374	766	0.344648	0.391000	0.347831	
741	0.368421	98	0.224490	161	0.652174	1.816374	741	0.368421	0.400000	0.347925	
737	0.340570	94	0.170213	169	0.544379	1.816374	737	0.340570	0.359000	0.347945	
752	0.353723	84	0.214286	164	0.286585	1.816374	752	0.353723	0.331000	0.347915	
753	0.345286	97	0.164948	150	0.546667	1.816374	753	0.345286	0.358000	0.347933	
746	0.347185	85	0.188235	169	0.573964	1.816374	746	0.347185	0.372000	0.347976	
781	0.379001	67	0.208955	152	0.690789	1.816374	781	0.379001	0.415000	0.348096	
756	0.361111	91	0.164835	153	0.542484	1.816374	756	0.361111	0.371000	0.348137	
711	0.336146	102	0.176471	187	0.663102	1.816374	711	0.336146	0.381000	0.348196	
777	0.314028	75	0.266667	148	0.513514	1.816374	777	0.314028	0.340000	0.348181	
730	0.410959	76	0.144737	194	0.567010	1.816374	730	0.410959	0.421000	0.348311	
772	0.234456	47	0.106383	181	0.580110	2.785231	772	0.234456	0.291000	0.348209	
741	0.206478	89	0.213483	170	0.617647	2.785231	741	0.206478	0.277000	0.348083	
774	0.214470	86	0.220930	140	0.614286	2.785231	774	0.214470	0.271000	0.347946	
773	0.179819	81	0.271605	146	0.500000	2.785231	773	0.179819	0.234000	0.347745	
743	0.313594	101	0.168317	156	0.596154	1.885463	743	0.313594	0.343000	0.347737	
771	0.309987	106	0.160377	123	0.658537	1.885463	771	0.309987	0.337000	0.347718	
753	0.332005	96	0.145833	151	0.629139	1.885463	753	0.332005	0.359000	0.347738	
772	0.299223	83	0.084337	145	0.648276	1.885463	772	0.299223	0.332000	0.347710	
794	0.336272	45	0.155556	161	0.658385	1.885463	794	0.336272	0.380000	0.347766	
721	0.313454	102	0.068627	177	0.435028	1.885463	721	0.313454	0.310000	0.347700	
730	0.316438	96	0.125000	174	0.568966	1.885463	730	0.316438	0.342000	0.347690	
763	0.334207	88	0.159091	149	0.617450	1.885463	763	0.334207	0.361000	0.347714	
755	0.368212	95	0.168421	150	0.666667	1.885463	755	0.368212	0.394000	0.347794	
768	0.345052	94	0.255319	138	0.630435	1.885463	768	0.345052	0.376000	0.347843	
754	0.335544	71	0.169014	175	0.611429	1.885463	754	0.335544	0.372000	0.347885	
744	0.380376	98	0.224490	158	0.702532	1.885463	744	0.380376	0.416000	0.348003	
752	0.337766	80	0.162500	168	0.672619	1.885463	752	0.337766	0.380000	0.348058	
748	0.314171	68	0.279412	184	0.478261	1.885463	748	0.314171	0.342000	0.348048	
746	0.329759	92	0.184783	162	0.543210	1.885463	746	0.329759	0.351000	0.348053	
796	0.329146	59	0.203390	145	0.310345	1.885463	796	0.329146	0.319000	0.348003	
730	0.357534	90	0.244444	180	0.594444	1.885463	730	0.357534	0.390000	0.348075	
756	0.285714	76	0.236842	168	0.511905	1.885463	756	0.285714	0.320000	0.348027	
739	0.341001	70	0.185714	191	0.497382	1.885463	739	0.341001	0.360000	0.348047	
780	0.311538	81	0.246914	139	0.561151	1.885463	780	0.311538	0.341000	0.348035	
763	0.314548	109	0.229358	128	0.585938	1.885463	763	0.314548	0.340000	0.348022	
767	0.299870	76	0.289474	157	0.573248	1.885463	767	0.299870	0.342000	0.348011	
771	0.333333	65	0.307692	164	0.560976	1.885463	771	0.333333	0.369000	0.348047	
779	0.305520	76	0.118421	145	0.600000	1.885463	779	0.305520	0.334000	0.348023	
771	0.326848	80	0.237500	149	0.469799	1.885463	771	0.326848	0.341000	0.348011	
756	0.236772	56	0.178571	188	0.457447	1.885463	756	0.236772	0.275000	0.347888	
757	0.280053	78	0.217949	165	0.630303	1.885463	757	0.280053	0.333000	0.347863	
730	0.284932	78	0.141026	192	0.541667	1.885463	730	0.284932	0.323000	0.347821	
739	0.308525	62	0.241935	199	0.643216	1.885463	739	0.308525	0.371000	0.347860	
777	0.339768	63	0.285714	160	0.681250	1.885463	777	0.339768	0.391000	0.347932	
720	0.251389	80	0.200000	200	0.600000	1.885463	720	0.251389	0.317000	0.347880	
741	0.371120	89	0.337079	170	0.670588	1.885463	741	0.371120	0.419000	0.347999	
736	0.331522	110	0.236364	154	0.655844	1.885463	736	0.331522	0.371000	0.348038	
740	0.358108	89	0.224719	171	0.590643	1.885463	740	0.358108	0.386000	0.348101	
762	0.299213	85	0.200000	153	0.464052	1.885463	762	0.299213	0.316000	0.348048	
726	0.297521	99	0.171717	175	0.622857	1.885463	726	0.297521	0.342000	0.348038	
763	0.311927	79	0.329114	158	0.670886	1.885463	763	0.311927	0.370000	0.348074	
741	0.360324	91	0.296703	168	0.714286	1.885463	741	0.360324	0.414000	0.348183	
711	0.319269	104	0.230769	185	0.621622	1.885463	711	0.319269	0.366000	0.348213	
776	0.333763	76	0.184211	148	0.689189	1.885463	776	0.333763	0.375000	0.348257	
748	0.326203	92	0.206522	160	0.512500	1.885463	748	0.326203	0.345000	0.348251	
731	0.335157	95	0.157895	174	0.545977	1.885463	731	0.335157	0.355000	0.348263	
757	0.303831	78	0.141026	165	0.696970	1.885463	757	0.303831	0.356000	0.348275	
742	0.343666	95	0.157895	163	0.717791	1.885463	742	0.343666	0.387000	0.348339	
725	0.358621	97	0.134021	178	0.634831	1.885463	725	0.358621	0.386000	0.348400	
764	0.344241	92	0.184783	144	0.666667	1.885463	764	0.344241	0.376000	0.348446	
751	0.348868	99	0.191919	150	0.646667	1.885463	751	0.348868	0.378000	0.348494	
738	0.338753	109	0.229358	153	0.692810	1.885463	738	0.338753	0.381000	0.348547	
744	0.333333	100	0.180000	156	0.621795	1.885463	744	0.333333	0.363000	0.348570	
770	0.225974	91	0.131868	139	0.510791	1.885463	770	0.225974	0.257000	0.348422	
738	0.253388	124	0.104839	138	0.652174	1.885463	738	0.253388	0.290000	0.348327	
721	0.248266	127	0.125984	152	0.519737	1.885463	721	0.248266	0.274000	0.348207	
740	0.232432	114	0.140351	146	0.636986	1.885463	740	0.232432	0.281000	0.348098	
721	0.282940	111	0.207207	168	0.630952	1.885463	721	0.282940	0.333000	0.348074	
700	0.298571	136	0.132353	164	0.652439	1.885463	700	0.298571	0.334000	0.348051	
731	0.290014	118	0.211864	151	0.649007	1.885463	731	0.290014	0.335000	0.348030	
709	0.322990	105	0.190476	186	0.693548	1.885463	709	0.322990	0.378000	0.348078	
698	0.252149	129	0.162791	173	0.664740	1.885463	698	0.252149	0.312000	0.348020	
739	0.273342	123	0.195122	138	0.623188	1.885463	739	0.273342	0.312000	0.347963	
723	0.284924	133	0.105263	144	0.625000	1.885463	723	0.284924	0.310000	0.347902	
753	0.225764	105	0.085714	142	0.211268	1.885463	753	0.225764	0.209000	0.347680	
747	0.293173	112	0.223214	141	0.531915	1.885463	747	0.293173	0.319000	0.347635	
744	0.291667	103	0.203883	153	0.575163	1.885463	744	0.291667	0.326000	0.347600	
742	0.269542	110	0.136364	148	0.391892	1.885463	742	0.269542	0.273000	0.347482	
740	0.279730	108	0.203704	152	0.657895	1.885463	740	0.279730	0.329000	0.347453	
750	0.304000	104	0.201923	146	0.616438	1.885463	750	0.304000	0.339000	0.347439	
723	0.264177	118	0.118644	159	0.704403	1.885463	723	0.264177	0.317000	0.347391	
714	0.316527	132	0.250000	154	0.655844	1.885463	714	0.316527	0.360000	0.347411	
709	0.259520	119	0.184874	172	0.447674	1.885463	709	0.259520	0.283000	0.347310	
716	0.305866	121	0.206612	163	0.490798	1.885463	716	0.305866	0.324000	0.347273	
740	0.260811	74	0.324324	186	0.456989	1.885463	740	0.260811	0.302000	0.347202	
757	0.262880	83	0.168675	160	0.456250	1.885463	757	0.262880	0.286000	0.347106	
735	0.263946	90	0.311111	175	0.554286	1.885463	735	0.263946	0.319000	0.347062	
774	0.271318	86	0.279070	140	0.507143	1.885463	774	0.271318	0.305000	0.346996	
762	0.245407	104	0.125000	134	0.477612	1.885463	762	0.245407	0.264000	0.346867	
753	0.302789	99	0.232323	148	0.587838	1.885463	753	0.302789	0.338000	0.346853	
752	0.267287	104	0.105769	144	0.562500	1.885463	752	0.267287	0.293000	0.346769	
745	0.259060	114	0.166667	141	0.517730	1.885463	745	0.259060	0.285000	0.346673	
715	0.262937	107	0.242991	178	0.584270	1.885463	715	0.262937	0.318000	0.346629	
744	0.290323	98	0.163265	158	0.563291	1.885463	744	0.290323	0.321000	0.346589	
702	0.313390	118	0.127119	180	0.683333	1.885463	702	0.313390	0.358000	0.346607	
738	0.224932	89	0.314607	173	0.549133	1.885463	738	0.224932	0.289000	0.346518	
744	0.266129	82	0.158537	174	0.540230	1.885463	744	0.266129	0.305000	0.346454	
704	0.264205	106	0.150943	190	0.610526	1.885463	704	0.264205	0.318000	0.346410	
786	0.368957	78	0.230769	136	0.602941	1.885463	786	0.368957	0.390000	0.346477	
731	0.328317	112	0.196429	157	0.560510	1.885463	731	0.328317	0.350000	0.346483	
776	0.332474	86	0.337209	138	0.652174	1.885463	776	0.332474	0.377000	0.346529	
777	0.352638	70	0.300000	153	0.653595	1.885463	777	0.352638	0.395000	0.346603	
764	0.354712	68	0.147059	168	0.541667	1.885463	764	0.354712	0.372000	0.346642	
752	0.333777	88	0.238636	160	0.656250	1.885463	752	0.333777	0.377000	0.346688	
770	0.331169	65	0.169231	165	0.551515	1.885463	770	0.331169	0.357000	0.346704	
763	0.311927	86	0.244186	151	0.602649	1.885463	763	0.311927	0.350000	0.346709	
766	0.322454	84	0.214286	150	0.593333	1.885463	766	0.322454	0.354000	0.346720	
770	0.319481	86	0.255814	144	0.479167	1.885463	770	0.319481	0.337000	0.346706	
767	0.315515	93	0.193548	140	0.635714	1.885463	767	0.315515	0.349000	0.346709	
791	0.288243	62	0.193548	147	0.455782	1.885463	791	0.288243	0.307000	0.346649	
781	0.320102	67	0.238806	152	0.611842	1.885463	781	0.320102	0.359000	0.346668	
766	0.326371	108	0.240741	126	0.682540	1.885463	766	0.326371	0.362000	0.346691	
773	0.291074	80	0.237500	147	0.646259	1.885463	773	0.291074	0.339000	0.346679	
743	0.328398	105	0.219048	152	0.618421	1.885463	743	0.328398	0.361000	0.346701	
735	0.348299	123	0.243902	142	0.605634	1.885463	735	0.348299	0.372000	0.346739	
806	0.294045	47	0.106383	147	0.448980	1.885463	806	0.294045	0.308000	0.346681	
747	0.326640	83	0.277108	170	0.523529	1.885463	747	0.326640	0.356000	0.346695	
766	0.325065	87	0.172414	147	0.530612	1.885463	766	0.325065	0.342000	0.346688	
776	0.328608	72	0.263889	152	0.565789	1.885463	776	0.328608	0.360000	0.346707	
767	0.293351	86	0.232558	147	0.585034	1.885463	767	0.293351	0.331000	0.346684	
768	0.354167	85	0.211765	147	0.632653	1.885463	768	0.354167	0.383000	0.346738	
745	0.300671	97	0.195876	158	0.556962	1.885463	745	0.300671	0.331000	0.346715	
746	0.319035	115	0.182609	139	0.625899	1.885463	746	0.319035	0.346000	0.346714	
760	0.336842	88	0.238636	152	0.559211	1.885463	760	0.336842	0.362000	0.346736	
762	0.345144	66	0.196970	172	0.500000	1.885463	762	0.345144	0.362000	0.346759	
740	0.260811	99	0.151515	161	0.583851	1.885463	740	0.260811	0.302000	0.346693	
752	0.327128	97	0.164948	151	0.529801	1.885463	752	0.327128	0.342000	0.346686	
769	0.297789	59	0.152542	172	0.639535	1.885463	769	0.297789	0.348000	0.346688	
761	0.287779	77	0.311688	162	0.543210	1.885463	761	0.287779	0.331000	0.346665	
762	0.301837	65	0.184615	173	0.225434	1.885463	762	0.301837	0.281000	0.346568	
735	0.317007	98	0.255102	167	0.574850	1.885463	735	0.317007	0.354000	0.346579	
743	0.331090	93	0.193548	164	0.567073	1.885463	743	0.331090	0.357000	0.346595	
756	0.334656	96	0.208333	148	0.587838	1.885463	756	0.334656	0.360000	0.346614	
782	0.312020	61	0.147541	157	0.401274	1.885463	782	0.312020	0.316000	0.346569	
751	0.312916	83	0.216867	166	0.638554	1.885463	751	0.312916	0.359000	0.346588	
771	0.324254	75	0.133333	154	0.525974	1.885463	771	0.324254	0.341000	0.346579	
731	0.311902	108	0.166667	161	0.590062	1.885463	731	0.311902	0.341000	0.346571	
777	0.332046	64	0.109375	159	0.672956	1.885463	777	0.332046	0.372000	0.346608	
766	0.348564	98	0.142857	136	0.470588	1.885463	766	0.348564	0.345000	0.346606	
764	0.361257	79	0.215190	157	0.592357	1.885463	764	0.361257	0.386000	0.346663	
783	0.325670	68	0.161765	149	0.597315	1.885463	783	0.325670	0.355000	0.346675	
769	0.358908	87	0.114943	144	0.583333	1.885463	769	0.358908	0.370000	0.346708	
761	0.342970	90	0.222222	149	0.583893	1.885463	761	0.342970	0.368000	0.346739	
781	0.345711	85	0.188235	134	0.567164	1.885463	781	0.345711	0.362000	0.346761	
706	0.322946	98	0.122449	196	0.653061	1.885463	706	0.322946	0.368000	0.346791	
754	0.332891	89	0.213483	157	0.681529	1.885463	754	0.332891	0.377000	0.346835	
732	0.329235	124	0.193548	144	0.583333	1.885463	732	0.329235	0.349000	0.346838	
746	0.327078	106	0.132075	148	0.601351	1.885463	746	0.327078	0.347000	0.346838	
761	0.383706	98	0.214286	141	0.567376	1.885463	761	0.383706	0.393000	0.346904	
753	0.322709	88	0.136364	159	0.584906	1.885463	753	0.322709	0.348000	0.346905	
740	0.290541	86	0.186047	174	0.724138	1.885463	740	0.290541	0.357000	0.346920	
768	0.315104	68	0.147059	164	0.560976	1.885463	768	0.315104	0.344000	0.346916	
736	0.312500	69	0.144928	195	0.584615	1.885463	736	0.312500	0.354000	0.346926	
749	0.360481	78	0.166667	173	0.578035	1.885463	749	0.360481	0.383000	0.346977	
751	0.292943	98	0.234694	151	0.496689	1.885463	751	0.292943	0.318000	0.346936	
780	0.329487	74	0.135135	146	0.547945	1.885463	780	0.329487	0.347000	0.346936	
745	0.311409	85	0.223529	170	0.617647	1.885463	745	0.311409	0.356000	0.346949	
733	0.356071	99	0.262626	168	0.500000	1.885463	733	0.356071	0.371000	0.346983	
728	0.296703	111	0.207207	161	0.521739	1.885463	728	0.296703	0.323000	0.346949	
711	0.336146	118	0.194915	171	0.660819	1.885463	711	0.336146	0.375000	0.346988	
740	0.308108	99	0.252525	161	0.565217	1.885463	740	0.308108	0.344000	0.346984	
770	0.375325	83	0.192771	147	0.612245	1.885463	770	0.375325	0.395000	0.347051	
752	0.308511	98	0.214286	150	0.646667	1.885463	752	0.308511	0.350000	0.347055	
777	0.293436	78	0.230769	145	0.668966	1.885463	777	0.293436	0.343000	0.347050	
768	0.320312	72	0.208333	160	0.612500	1.885463	768	0.320312	0.359000	0.347066	
781	0.355954	54	0.240741	165	0.648485	1.885463	781	0.355954	0.398000	0.347137	
737	0.343284	95	0.178947	168	0.577381	1.885463	737	0.343284	0.367000	0.347165	
693	0.275613	108	0.222222	199	0.567839	1.885463	693	0.275613	0.328000	0.347138	
737	0.312076	104	0.221154	159	0.660377	1.885463	737	0.312076	0.358000	0.347153	
741	0.317139	105	0.190476	154	0.662338	1.885463	741	0.317139	0.357000	0.347167	
754	0.360743	87	0.172414	159	0.591195	1.885463	754	0.360743	0.381000	0.347214	
736	0.305707	76	0.105263	188	0.574468	1.885463	736	0.305707	0.341000	0.347205	
748	0.288770	78	0.256410	174	0.557471	1.885463	748	0.288770	0.333000	0.347186	
730	0.328767	104	0.221154	166	0.584337	1.885463	730	0.328767	0.360000	0.347203	
718	0.323120	107	0.205607	175	0.634286	1.885463	718	0.323120	0.365000	0.347228	
760	0.336842	70	0.214286	170	0.670588	1.885463	760	0.336842	0.385000	0.347280	
762	0.314961	87	0.137931	151	0.609272	1.885463	762	0.314961	0.344000	0.347275	
763	0.348624	80	0.187500	157	0.649682	1.885463	763	0.348624	0.383000	0.347324	
741	0.354926	90	0.166667	169	0.455621	1.885463	741	0.354926	0.355000	0.347335	
740	0.354054	92	0.217391	168	0.630952	1.885463	740	0.354054	0.388000	0.347390	
758	0.366755	96	0.156250	146	0.616438	1.885463	758	0.366755	0.383000	0.347439	
752	0.309840	88	0.272727	160	0.587500	1.885463	752	0.309840	0.351000	0.347444	
772	0.312176	85	0.211765	143	0.650350	1.885463	772	0.312176	0.352000	0.347450	
735	0.356463	83	0.192771	182	0.434066	1.885463	735	0.356463	0.357000	0.347463	
735	0.341497	90	0.188889	175	0.600000	1.885463	735	0.341497	0.373000	0.347497	
749	0.368491	98	0.204082	153	0.562092	1.885463	749	0.368491	0.382000	0.347544	
751	0.338216	100	0.110000	149	0.530201	1.885463	751	0.338216	0.344000	0.347539	
779	0.317073	71	0.084507	150	0.593333	1.885463	779	0.317073	0.342000	0.347532	
775	0.317419	47	0.148936	178	0.589888	1.885463	775	0.317419	0.358000	0.347546	
794	0.341310	64	0.156250	142	0.528169	1.885463	794	0.341310	0.356000	0.347557	
763	0.326343	104	0.182692	133	0.436090	1.885463	763	0.326343	0.326000	0.347528	
743	0.356662	92	0.239130	165	0.666667	1.885463	743	0.356662	0.397000	0.347595	
760	0.356579	79	0.253165	161	0.372671	1.885463	760	0.356579	0.351000	0.347600	
782	0.360614	75	0.240000	143	0.657343	1.885463	782	0.360614	0.394000	0.347662	
776	0.336340	65	0.200000	159	0.578616	1.885463	776	0.336340	0.366000	0.347686	
719	0.301808	114	0.236842	167	0.640719	1.885463	719	0.301808	0.351000	0.347691	
771	0.346304	100	0.260000	129	0.581395	1.885463	771	0.346304	0.368000	0.347718	
761	0.318003	74	0.283784	165	0.575758	1.885463	761	0.318003	0.358000	0.347732	
751	0.327563	90	0.277778	159	0.654088	1.885463	751	0.327563	0.375000	0.347768	
744	0.387097	90	0.211111	166	0.692771	1.885463	744	0.387097	0.422000	0.347867	
790	0.318987	73	0.260274	137	0.540146	1.885463	790	0.318987	0.345000	0.347863	
786	0.339695	77	0.259740	137	0.576642	1.885463	786	0.339695	0.366000	0.347887	
762	0.325459	101	0.198020	137	0.613139	1.885463	762	0.325459	0.352000	0.347892	
775	0.312258	75	0.293333	150	0.593333	1.885463	775	0.312258	0.353000	0.347899	
788	0.282995	66	0.227273	146	0.616438	1.885463	788	0.282995	0.328000	0.347873	
750	0.357333	92	0.239130	158	0.613924	1.885463	750	0.357333	0.387000	0.347924	
781	0.343150	64	0.140625	155	0.612903	1.885463	781	0.343150	0.372000	0.347956	
767	0.353325	97	0.164948	136	0.698529	1.885463	767	0.353325	0.382000	0.348001	
760	0.325000	82	0.292683	158	0.588608	1.885463	760	0.325000	0.364000	0.348022	
757	0.334214	78	0.230769	165	0.545455	1.885463	757	0.334214	0.361000	0.348039	
777	0.356499	75	0.186667	148	0.560811	1.885463	777	0.356499	0.374000	0.348073	
749	0.359146	97	0.164948	154	0.603896	1.885463	749	0.359146	0.378000	0.348112	
741	0.338731	95	0.242105	164	0.634146	1.885463	741	0.338731	0.378000	0.348151	
743	0.244953	81	0.222222	176	0.556818	1.885463	743	0.244953	0.298000	0.348086	
719	0.365786	120	0.183333	161	0.602484	1.885463	719	0.365786	0.382000	0.348130	
766	0.314621	97	0.154639	137	0.649635	1.885463	766	0.314621	0.345000	0.348126	
762	0.342520	83	0.192771	155	0.670968	1.885463	762	0.342520	0.381000	0.348169	
751	0.324900	96	0.156250	153	0.784314	1.885463	751	0.324900	0.379000	0.348209	
782	0.355499	61	0.114754	157	0.592357	1.885463	782	0.355499	0.378000	0.348247	
745	0.328859	92	0.163043	163	0.582822	1.885463	745	0.328859	0.355000	0.348256	
771	0.293126	75	0.306667	154	0.487013	1.885463	771	0.293126	0.324000	0.348225	
782	0.324808	76	0.197368	142	0.647887	1.885463	782	0.324808	0.361000	0.348241	
750	0.334667	99	0.242424	151	0.569536	1.885463	750	0.334667	0.361000	0.348258	
763	0.360419	79	0.189873	158	0.601266	1.885463	763	0.360419	0.385000	0.348305	
718	0.320334	82	0.182927	200	0.565000	1.885463	718	0.320334	0.358000	0.348317	
745	0.362416	84	0.273810	171	0.608187	1.885463	745	0.362416	0.397000	0.348380	
767	0.328553	86	0.255814	147	0.551020	1.885463	767	0.328553	0.355000	0.348389	
729	0.308642	99	0.151515	172	0.470930	1.885463	729	0.308642	0.321000	0.348353	
751	0.359521	93	0.182796	156	0.666667	1.885463	751	0.359521	0.391000	0.348408	
755	0.317881	96	0.250000	149	0.530201	1.885463	755	0.317881	0.343000	0.348401	
745	0.370470	87	0.206897	168	0.666667	1.885463	745	0.370470	0.406000	0.348475	
751	0.346205	86	0.116279	163	0.374233	1.885463	751	0.346205	0.331000	0.348452	
726	0.316804	86	0.162791	188	0.569149	1.885463	726	0.316804	0.351000	0.348456	
759	0.305665	90	0.122222	151	0.695364	1.885463	759	0.305665	0.348000	0.348455	
760	0.321053	98	0.153061	142	0.654930	1.885463	760	0.321053	0.352000	0.348460	
757	0.344782	82	0.207317	161	0.639752	1.885463	757	0.344782	0.381000	0.348501	
788	0.288071	69	0.260870	143	0.580420	1.885463	788	0.288071	0.328000	0.348475	
778	0.330334	62	0.177419	160	0.668750	1.885463	778	0.330334	0.375000	0.348508	
769	0.351105	62	0.209677	169	0.633136	1.885463	769	0.351105	0.390000	0.348561	
743	0.356662	105	0.219048	152	0.578947	1.885463	743	0.356662	0.376000	0.348596	
741	0.344130	95	0.126316	164	0.646341	1.885463	741	0.344130	0.373000	0.348626	
735	0.285714	109	0.055046	156	0.557692	1.885463	735	0.285714	0.303000	0.348569	
765	0.330719	88	0.204545	147	0.496599	1.885463	765	0.330719	0.344000	0.348563	
757	0.363276	89	0.314607	154	0.649351	1.885463	757	0.363276	0.403000	0.348631	
776	0.371134	74	0.310811	150	0.500000	1.885463	776	0.371134	0.386000	0.348678	
751	0.366178	87	0.229885	162	0.672840	1.885463	751	0.366178	0.404000	0.348748	
741	0.309042	80	0.225000	179	0.614525	1.885463	741	0.309042	0.357000	0.348758	
765	0.363399	80	0.162500	155	0.593548	1.885463	765	0.363399	0.383000	0.348801	
763	0.336828	74	0.283784	163	0.546012	1.885463	763	0.336828	0.367000	0.348824	
774	0.325581	85	0.152941	141	0.631206	1.885463	774	0.325581	0.354000	0.348830	
760	0.305263	92	0.293478	148	0.554054	1.885463	760	0.305263	0.341000	0.348820	
753	0.306773	93	0.279570	154	0.590909	1.885463	753	0.306773	0.348000	0.348819	
778	0.336761	75	0.226667	147	0.598639	1.885463	778	0.336761	0.367000	0.348842	
757	0.265522	93	0.161290	150	0.533333	1.885463	757	0.265522	0.296000	0.348776	
758	0.271768	75	0.186667	167	0.592814	1.885463	758	0.271768	0.319000	0.348739	
783	0.319285	66	0.121212	151	0.516556	1.885463	783	0.319285	0.336000	0.348724	
740	0.290541	80	0.250000	180	0.611111	1.885463	740	0.290541	0.345000	0.348719	
771	0.303502	83	0.192771	146	0.589041	1.885463	771	0.303502	0.336000	0.348703	
737	0.316147	97	0.164948	166	0.572289	1.885463	737	0.316147	0.344000	0.348697	
764	0.318063	84	0.261905	152	0.710526	1.885463	764	0.318063	0.373000	0.348727	
760	0.350000	93	0.182796	147	0.591837	1.885463	760	0.350000	0.370000	0.348754	
731	0.335157	88	0.215909	181	0.629834	1.885463	731	0.335157	0.378000	0.348789	
773	0.327296	77	0.272727	150	0.526667	1.885463	773	0.327296	0.353000	0.348795	
752	0.317819	76	0.197368	172	0.633721	1.885463	752	0.317819	0.363000	0.348812	
738	0.307588	77	0.298701	185	0.621622	1.885463	738	0.307588	0.365000	0.348832	
769	0.348505	83	0.180723	148	0.574324	1.885463	769	0.348505	0.368000	0.348855	
771	0.387808	77	0.207792	152	0.585526	1.885463	771	0.387808	0.404000	0.348923	
774	0.355297	78	0.230769	148	0.581081	1.885463	774	0.355297	0.379000	0.348959	
751	0.314248	95	0.200000	154	0.415584	1.885463	751	0.314248	0.319000	0.348923	
763	0.363041	85	0.305882	152	0.565789	1.885463	763	0.363041	0.389000	0.348972	
746	0.331099	87	0.218391	167	0.568862	1.885463	746	0.331099	0.361000	0.348986	
757	0.368560	85	0.141176	158	0.569620	1.885463	757	0.368560	0.381000	0.349025	
765	0.360784	87	0.206897	148	0.675676	1.885463	765	0.360784	0.394000	0.349080	
743	0.388964	101	0.198020	156	0.525641	1.885463	743	0.388964	0.391000	0.349130	
738	0.386179	106	0.094340	156	0.628205	1.885463	738	0.386179	0.393000	0.349183	
766	0.315927	89	0.280899	145	0.662069	1.885463	766	0.315927	0.363000	0.349200	
759	0.376812	93	0.215054	148	0.601351	1.885463	759	0.376812	0.395000	0.349255	
701	0.313837	70	0.200000	229	0.633188	1.885463	701	0.313837	0.379000	0.349291	
796	0.320352	76	0.236842	128	0.664062	1.885463	796	0.320352	0.358000	0.349302	
770	0.332468	83	0.265060	147	0.496599	1.885463	770	0.332468	0.351000	0.349304	
739	0.322057	91	0.175824	170	0.576471	1.885463	739	0.322057	0.352000	0.349307	
753	0.325365	85	0.188235	162	0.598765	1.885463	753	0.325365	0.358000	0.349317	
728	0.368132	106	0.273585	166	0.692771	1.885463	728	0.368132	0.412000	0.349392	
755	0.344371	87	0.218391	158	0.651899	1.885463	755	0.344371	0.382000	0.349431	
782	0.358056	84	0.273810	134	0.477612	1.885463	782	0.358056	0.367000	0.349452	
776	0.332474	62	0.209677	162	0.654321	1.885463	776	0.332474	0.377000	0.349485	
762	0.343832	84	0.130952	154	0.603896	1.885463	762	0.343832	0.366000	0.349505	
767	0.282920	71	0.253521	162	0.524691	1.885463	767	0.282920	0.320000	0.349470	
738	0.294038	91	0.274725	171	0.643275	1.885463	738	0.294038	0.352000	0.349473	
751	0.360852	98	0.255102	151	0.701987	1.885463	751	0.360852	0.402000	0.349535	
783	0.325670	70	0.242857	147	0.612245	1.885463	783	0.325670	0.362000	0.349550	
779	0.359435	64	0.312500	157	0.509554	1.885463	779	0.359435	0.380000	0.349586	
791	0.297092	53	0.320755	156	0.467949	1.885463	791	0.297092	0.325000	0.349557	
764	0.325916	79	0.202532	157	0.579618	1.885463	764	0.325916	0.356000	0.349565	
767	0.301173	86	0.255814	147	0.517007	1.885463	767	0.301173	0.329000	0.349540	
746	0.332440	88	0.306818	166	0.566265	1.885463	746	0.332440	0.369000	0.349563	
771	0.376135	83	0.192771	146	0.650685	1.885463	771	0.376135	0.401000	0.349624	
758	0.358839	89	0.179775	153	0.529412	1.885463	758	0.358839	0.369000	0.349647	
770	0.353247	64	0.250000	166	0.566265	1.885463	770	0.353247	0.382000	0.349685	
771	0.345006	97	0.206186	132	0.583333	1.885463	771	0.345006	0.363000	0.349700	
754	0.354111	79	0.177215	167	0.574850	1.885463	754	0.354111	0.377000	0.349732	
761	0.315375	82	0.256098	157	0.522293	1.885463	761	0.315375	0.343000	0.349724	
681	0.299559	85	0.270588	234	0.538462	1.885463	681	0.299559	0.353000	0.349728	
796	0.325377	35	0.228571	169	0.650888	1.885463	796	0.325377	0.377000	0.349760	
781	0.326504	41	0.219512	178	0.612360	1.885463	781	0.326504	0.373000	0.349787	
761	0.354796	79	0.164557	160	0.593750	1.885463	761	0.354796	0.378000	0.349820	
769	0.360208	83	0.156627	148	0.567568	1.885463	769	0.360208	0.374000	0.349848	
787	0.359593	46	0.108696	167	0.688623	1.885463	787	0.359593	0.403000	0.349910	
758	0.323219	85	0.094118	157	0.656051	1.885463	758	0.323219	0.356000	0.349917	
770	0.341558	72	0.319444	158	0.664557	1.885463	770	0.341558	0.391000	0.349965	
731	0.335157	79	0.202532	190	0.568421	1.885463	731	0.335157	0.369000	0.349987	
781	0.349552	58	0.293103	161	0.602484	1.885463	781	0.349552	0.387000	0.350030	
737	0.336499	75	0.333333	188	0.462766	1.885463	737	0.336499	0.360000	0.350041	
738	0.334688	85	0.235294	177	0.632768	1.885463	738	0.334688	0.379000	0.350075	
729	0.248285	46	0.304348	225	0.622222	1.885463	729	0.248285	0.335000	0.350057	
747	0.301205	81	0.222222	172	0.569767	1.885463	747	0.301205	0.341000	0.350047	
744	0.337366	117	0.196581	139	0.582734	1.885463	744	0.337366	0.355000	0.350053	
778	0.321337	89	0.258427	133	0.548872	1.885463	778	0.321337	0.346000	0.350048	
766	0.335509	91	0.153846	143	0.657343	1.885463	766	0.335509	0.365000	0.350065	
748	0.328877	95	0.126316	157	0.554140	1.885463	748	0.328877	0.345000	0.350059	
727	0.308116	116	0.181034	157	0.694268	1.885463	727	0.308116	0.354000	0.350064	
764	0.290576	86	0.186047	150	0.493333	1.885463	764	0.290576	0.312000	0.350020	
738	0.346883	93	0.247312	169	0.550296	1.885463	738	0.346883	0.372000	0.350045	
768	0.356771	71	0.394366	161	0.608696	1.885463	768	0.356771	0.400000	0.350102	
754	0.339523	85	0.305882	161	0.540373	1.885463	754	0.339523	0.369000	0.350124	
755	0.328477	89	0.269663	156	0.685897	1.885463	755	0.328477	0.379000	0.350157	
776	0.310567	71	0.197183	153	0.522876	1.885463	776	0.310567	0.335000	0.350140	
796	0.319095	58	0.275862	146	0.609589	1.885463	796	0.319095	0.359000	0.350150	
769	0.317295	75	0.226667	156	0.532051	1.885463	769	0.317295	0.344000	0.350143	
762	0.375328	85	0.235294	153	0.594771	1.885463	762	0.375328	0.397000	0.350196	
753	0.276228	76	0.184211	171	0.543860	1.885463	753	0.276228	0.315000	0.350156	
759	0.387352	91	0.164835	150	0.580000	1.885463	759	0.387352	0.396000	0.350208	
746	0.329759	115	0.260870	139	0.589928	1.885463	746	0.329759	0.358000	0.350217	
795	0.316981	49	0.122449	156	0.576923	1.885463	795	0.316981	0.348000	0.350214	
772	0.313472	79	0.215190	149	0.516779	1.885463	772	0.313472	0.336000	0.350198	
769	0.326398	80	0.250000	151	0.589404	1.885463	769	0.326398	0.360000	0.350209	
746	0.341823	66	0.212121	188	0.595745	1.885463	746	0.341823	0.381000	0.350244	
784	0.325255	50	0.200000	166	0.590361	1.885463	784	0.325255	0.363000	0.350258	
778	0.329049	61	0.245902	161	0.583851	1.885463	778	0.329049	0.365000	0.350275	
762	0.333333	69	0.188406	169	0.479290	1.885463	762	0.333333	0.348000	0.350272	
764	0.311518	78	0.256410	158	0.525316	1.885463	764	0.311518	0.341000	0.350262	
754	0.314324	95	0.200000	151	0.496689	1.885463	754	0.314324	0.331000	0.350240	
741	0.346829	89	0.168539	170	0.641176	1.885463	741	0.346829	0.381000	0.350274	
764	0.336387	88	0.170455	148	0.472973	1.885463	764	0.336387	0.342000	0.350265	
743	0.344549	89	0.168539	168	0.696429	1.885463	743	0.344549	0.388000	0.350307	
757	0.339498	84	0.190476	159	0.641509	1.885463	757	0.339498	0.375000	0.350335	
786	0.339695	79	0.202532	135	0.688889	1.885463	786	0.339695	0.376000	0.350363	
748	0.356952	90	0.177778	162	0.506173	1.885463	748	0.356952	0.365000	0.350380	
777	0.320463	85	0.235294	138	0.652174	1.885463	777	0.320463	0.359000	0.350389	
782	0.335038	76	0.157895	142	0.500000	1.885463	782	0.335038	0.345000	0.350383	
752	0.333777	102	0.127451	146	0.541096	1.885463	752	0.333777	0.343000	0.350375	
779	0.347882	71	0.112676	150	0.633333	1.885463	779	0.347882	0.374000	0.350401	
738	0.329268	79	0.126582	183	0.612022	1.885463	738	0.329268	0.365000	0.350417	
759	0.329381	93	0.161290	148	0.520270	1.885463	759	0.329381	0.342000	0.350408	
753	0.333333	88	0.113636	159	0.622642	1.885463	753	0.333333	0.360000	0.350419	
749	0.331108	82	0.243902	169	0.550296	1.885463	749	0.331108	0.361000	0.350430	
775	0.325161	73	0.150685	152	0.618421	1.885463	775	0.325161	0.357000	0.350437	
768	0.338542	63	0.253968	169	0.698225	1.885463	768	0.338542	0.394000	0.350485	
765	0.326797	83	0.156627	152	0.302632	1.885463	765	0.326797	0.309000	0.350440	
795	0.322013	54	0.240741	151	0.132450	1.885463	795	0.322013	0.289000	0.350372	
756	0.306878	55	0.254545	189	0.571429	1.885463	756	0.306878	0.354000	0.350376	
728	0.299451	85	0.152941	187	0.459893	1.885463	728	0.299451	0.317000	0.350340	
739	0.334235	91	0.131868	170	0.617647	1.885463	739	0.334235	0.364000	0.350355	
747	0.353414	87	0.114943	166	0.439759	1.885463	747	0.353414	0.347000	0.350351	
758	0.349604	70	0.185714	172	0.610465	1.885463	758	0.349604	0.383000	0.350387	
737	0.310719	91	0.197802	172	0.540698	1.885463	737	0.310719	0.340000	0.350375	
738	0.353659	105	0.209524	157	0.636943	1.885463	738	0.353659	0.383000	0.350411	
757	0.343461	82	0.256098	161	0.714286	1.885463	757	0.343461	0.396000	0.350460	
754	0.287798	107	0.149533	139	0.640288	1.885463	754	0.287798	0.322000	0.350430	
787	0.318933	69	0.188406	144	0.618056	1.885463	787	0.318933	0.353000	0.350432	
773	0.301423	81	0.197531	146	0.595890	1.885463	773	0.301423	0.336000	0.350417	
737	0.322931	103	0.155340	160	0.600000	1.885463	737	0.322931	0.350000	0.350416	
752	0.335106	92	0.119565	156	0.608974	1.885463	752	0.335106	0.358000	0.350424	
744	0.345430	90	0.211111	166	0.602410	1.885463	744	0.345430	0.376000	0.350452	
768	0.326823	83	0.253012	149	0.651007	1.885463	768	0.326823	0.369000	0.350472	
779	0.360719	93	0.150538	128	0.421875	1.885463	779	0.360719	0.349000	0.350471	
755	0.337748	94	0.202128	151	0.556291	1.885463	755	0.337748	0.358000	0.350479	
760	0.364474	74	0.162162	166	0.572289	1.885463	760	0.364474	0.384000	0.350515	
777	0.328185	74	0.135135	149	0.691275	1.885463	777	0.328185	0.368000	0.350533	
762	0.376640	85	0.176471	153	0.653595	1.885463	762	0.376640	0.402000	0.350589	
738	0.356369	90	0.166667	172	0.569767	1.885463	738	0.356369	0.376000	0.350616	
767	0.354628	83	0.180723	150	0.660000	1.885463	767	0.354628	0.386000	0.350654	
741	0.371120	94	0.159574	165	0.600000	1.885463	741	0.371120	0.389000	0.350695	
754	0.319629	73	0.164384	173	0.537572	1.885463	754	0.319629	0.346000	0.350690	
741	0.319838	84	0.226190	175	0.365714	1.885463	741	0.319838	0.320000	0.350657	
772	0.361399	87	0.287356	141	0.638298	1.885463	772	0.361399	0.394000	0.350703	
740	0.233784	79	0.189873	181	0.685083	1.885463	740	0.233784	0.312000	0.350662	
711	0.255977	84	0.261905	205	0.614634	1.885463	711	0.255977	0.330000	0.350640	
765	0.296732	72	0.250000	163	0.619632	1.885463	765	0.296732	0.346000	0.350635	
759	0.270092	107	0.233645	134	0.716418	1.885463	759	0.270092	0.326000	0.350609	
744	0.345430	115	0.208696	141	0.602837	1.885463	744	0.345430	0.366000	0.350625	
777	0.362934	55	0.272727	168	0.577381	1.885463	777	0.362934	0.394000	0.350671	
774	0.378553	80	0.287500	146	0.719178	1.885463	774	0.378553	0.421000	0.350746	
718	0.311978	140	0.271429	142	0.598592	1.885463	718	0.311978	0.347000	0.350742	
715	0.309091	136	0.191176	149	0.677852	1.885463	715	0.309091	0.348000	0.350739	
739	0.345061	94	0.127660	167	0.592814	1.885463	739	0.345061	0.366000	0.350755	
741	0.318489	89	0.235955	170	0.635294	1.885463	741	0.318489	0.365000	0.350770	
698	0.310888	155	0.154839	147	0.530612	1.885463	698	0.310888	0.319000	0.350736	
771	0.335927	84	0.261905	145	0.703448	1.885463	771	0.335927	0.383000	0.350770	
752	0.345745	86	0.302326	162	0.722222	1.885463	752	0.345745	0.403000	0.350825	
748	0.282086	101	0.188119	151	0.569536	1.885463	748	0.282086	0.316000	0.350789	
737	0.312076	90	0.188889	173	0.404624	1.885463	737	0.312076	0.317000	0.350753	
757	0.266843	93	0.247312	150	0.580000	1.885463	757	0.266843	0.312000	0.350713	
714	0.288515	131	0.213740	155	0.677419	1.885463	714	0.288515	0.339000	0.350700	
766	0.313316	79	0.265823	155	0.516129	1.885463	766	0.313316	0.341000	0.350690	
730	0.302740	106	0.103774	164	0.603659	1.885463	730	0.302740	0.331000	0.350670	
734	0.280654	117	0.179487	149	0.597315	1.885463	734	0.280654	0.316000	0.350634	
773	0.235446	88	0.181818	139	0.280576	1.885463	773	0.235446	0.237000	0.350515	
717	0.237099	113	0.203540	170	0.676471	1.885463	717	0.237099	0.308000	0.350471	
734	0.231608	110	0.145455	156	0.673077	1.885463	734	0.231608	0.291000	0.350409	
695	0.248921	143	0.076923	162	0.604938	1.885463	695	0.248921	0.282000	0.350338	
698	0.224928	119	0.117647	183	0.759563	1.885463	698	0.224928	0.310000	0.350296	
724	0.241713	124	0.209677	152	0.605263	1.885463	724	0.241713	0.293000	0.350237	
709	0.299013	120	0.258333	171	0.701754	1.885463	709	0.299013	0.363000	0.350250	
678	0.233038	128	0.218750	194	0.644330	1.885463	678	0.233038	0.311000	0.350210	
757	0.257596	91	0.164835	152	0.618421	1.885463	757	0.257596	0.304000	0.350162	
754	0.354111	97	0.144330	149	0.543624	1.885463	754	0.354111	0.362000	0.350174	
772	0.339378	69	0.260870	159	0.622642	1.885463	772	0.339378	0.379000	0.350204	
798	0.395990	43	0.348837	159	0.654088	1.885463	798	0.395990	0.435000	0.350291	
758	0.292876	59	0.203390	183	0.612022	1.885463	758	0.292876	0.346000	0.350287	
748	0.300802	103	0.233010	149	0.489933	1.885463	748	0.300802	0.322000	0.350258	
728	0.339286	102	0.205882	170	0.535294	1.885463	728	0.339286	0.359000	0.350267	
737	0.337856	106	0.198113	157	0.630573	1.885463	737	0.337856	0.369000	0.350286	
767	0.324641	77	0.142857	156	0.596154	1.885463	767	0.324641	0.353000	0.350289	
760	0.305263	90	0.155556	150	0.473333	1.885463	760	0.305263	0.317000	0.350255	
756	0.373016	77	0.246753	167	0.532934	1.885463	756	0.373016	0.390000	0.350295	
739	0.335589	109	0.155963	152	0.730263	1.885463	739	0.335589	0.376000	0.350321	
760	0.318421	85	0.058824	155	0.438710	1.885463	760	0.318421	0.315000	0.350285	
745	0.323490	115	0.113043	140	0.342857	1.885463	745	0.323490	0.302000	0.350236	
761	0.345598	101	0.198020	138	0.637681	1.885463	761	0.345598	0.371000	0.350257	
765	0.352941	83	0.120482	152	0.526316	1.885463	765	0.352941	0.360000	0.350267	
742	0.320755	84	0.166667	174	0.494253	1.885463	742	0.320755	0.338000	0.350255	
782	0.364450	87	0.149425	131	0.641221	1.885463	782	0.364450	0.382000	0.350287	
760	0.306579	81	0.135802	159	0.591195	1.885463	760	0.306579	0.338000	0.350274	
722	0.351801	114	0.184211	164	0.652439	1.885463	722	0.351801	0.382000	0.350307	
753	0.343958	89	0.168539	158	0.689873	1.885463	753	0.343958	0.383000	0.350340	
766	0.368146	85	0.258824	149	0.677852	1.885463	766	0.368146	0.405000	0.350395	
795	0.359748	63	0.253968	142	0.633803	1.885463	795	0.359748	0.392000	0.350437	
777	0.298584	71	0.281690	152	0.611842	1.885463	777	0.298584	0.345000	0.350432	
734	0.311989	102	0.225490	164	0.615854	1.885463	734	0.311989	0.353000	0.350434	
746	0.332440	105	0.238095	149	0.516779	1.885463	746	0.332440	0.350000	0.350434	
734	0.363760	95	0.252632	171	0.672515	1.885463	734	0.363760	0.406000	0.350490	
744	0.352151	99	0.121212	157	0.700637	1.885463	744	0.352151	0.384000	0.350523	
739	0.378890	114	0.157895	147	0.585034	1.885463	739	0.378890	0.384000	0.350557	
742	0.331536	96	0.239583	162	0.592593	1.885463	742	0.331536	0.365000	0.350571	
748	0.320856	89	0.224719	163	0.582822	1.885463	748	0.320856	0.355000	0.350576	
789	0.318124	63	0.206349	148	0.533784	1.885463	789	0.318124	0.343000	0.350568	
754	0.322281	91	0.285714	155	0.541935	1.885463	754	0.322281	0.353000	0.350571	
766	0.321149	77	0.246753	157	0.598726	1.885463	766	0.321149	0.359000	0.350579	
766	0.364230	78	0.166667	156	0.621795	1.885463	766	0.364230	0.389000	0.350617	
719	0.289291	101	0.257426	180	0.650000	1.885463	719	0.289291	0.351000	0.350618	
752	0.316489	73	0.315068	175	0.582857	1.885463	752	0.316489	0.363000	0.350630	
769	0.326398	84	0.154762	147	0.462585	1.885463	769	0.326398	0.332000	0.350612	
754	0.322281	96	0.229167	150	0.533333	1.885463	754	0.322281	0.345000	0.350606	
750	0.332000	77	0.129870	173	0.554913	1.885463	750	0.332000	0.355000	0.350610	
754	0.290451	91	0.219780	155	0.587097	1.885463	754	0.290451	0.330000	0.350590	
716	0.259777	124	0.112903	160	0.612500	1.885463	716	0.259777	0.298000	0.350538	
719	0.265647	107	0.196262	174	0.609195	1.885463	719	0.265647	0.318000	0.350506	
