Rate	71.43
Rev Jump	14.29
Tree Move	14.29
Rate Tried	% Accepted	Rev Jump Tried	% Accepted	Tree Move Tried	% Accepted	Rates - Dev	Rates - Tried	Rates - Accepted	Sample Ave Acceptance	Total Ave Acceptance	
696	0.195402	102	0.225490	202	0.608911	2.692913	696	0.195402	0.282000	0.290065	
692	0.332370	73	0.164384	235	0.574468	1.656041	692	0.332370	0.377000	0.297309	
754	0.374005	90	0.211111	156	0.660256	1.656041	754	0.374005	0.404000	0.305515	
775	0.379355	74	0.283784	151	0.589404	1.656041	775	0.379355	0.404000	0.312549	
761	0.399474	88	0.181818	151	0.635762	1.656041	761	0.399474	0.416000	0.319445	
765	0.389542	91	0.120879	144	0.583333	1.656041	765	0.389542	0.393000	0.324042	
747	0.382865	87	0.275862	166	0.638554	1.656041	747	0.382865	0.416000	0.329451	
759	0.416337	70	0.171429	171	0.590643	1.656041	759	0.416337	0.429000	0.334981	
752	0.355053	86	0.279070	162	0.395062	1.757729	752	0.355053	0.355000	0.336035	
751	0.294274	98	0.193878	151	0.622517	1.757729	751	0.294274	0.334000	0.335933	
733	0.244202	125	0.072000	142	0.549296	1.757729	733	0.244202	0.266000	0.332603	
746	0.288204	90	0.122222	164	0.609756	1.757729	746	0.288204	0.326000	0.332303	
738	0.264228	110	0.136364	152	0.717105	1.757729	738	0.264228	0.319000	0.331725	
758	0.274406	89	0.146067	153	0.653595	1.757729	758	0.274406	0.321000	0.331278	
741	0.244265	84	0.250000	175	0.548571	1.757729	741	0.244265	0.298000	0.329947	
737	0.221167	94	0.180851	169	0.597633	1.757729	737	0.221167	0.281000	0.328064	
736	0.247283	103	0.087379	161	0.559006	1.757729	736	0.247283	0.281000	0.326321	
763	0.222805	87	0.137931	150	0.586667	1.757729	763	0.222805	0.270000	0.324310	
733	0.274216	87	0.160920	180	0.594444	1.757729	733	0.274216	0.322000	0.324230	
717	0.242678	154	0.129870	129	0.534884	1.757729	717	0.242678	0.263000	0.322189	
778	0.208226	100	0.140000	122	0.434426	1.757729	778	0.208226	0.229000	0.319183	
744	0.229839	106	0.122642	150	0.700000	1.757729	744	0.229839	0.289000	0.318240	
749	0.269693	94	0.159574	157	0.477707	1.757729	749	0.269693	0.292000	0.317445	
750	0.228000	59	0.254237	191	0.439791	1.757729	750	0.228000	0.270000	0.316050	
754	0.240053	101	0.247525	145	0.517241	1.757729	754	0.240053	0.281000	0.315048	
715	0.262937	118	0.144068	167	0.461078	1.757729	715	0.262937	0.282000	0.314130	
770	0.233766	80	0.225000	150	0.600000	1.757729	770	0.233766	0.288000	0.313424	
746	0.280161	94	0.202128	160	0.625000	1.757729	746	0.280161	0.328000	0.313808	
738	0.311653	79	0.278481	183	0.672131	1.757729	738	0.311653	0.375000	0.315377	
719	0.314325	106	0.273585	175	0.605714	1.757729	719	0.314325	0.361000	0.316517	
729	0.281207	106	0.150943	165	0.678788	1.757729	729	0.281207	0.333000	0.316919	
715	0.268531	116	0.250000	169	0.532544	1.757729	715	0.268531	0.311000	0.316778	
742	0.303235	95	0.136842	163	0.607362	1.757729	742	0.303235	0.337000	0.317248	
755	0.284768	75	0.173333	170	0.558824	1.757729	755	0.284768	0.323000	0.317379	
728	0.277473	112	0.116071	160	0.537500	1.757729	728	0.277473	0.301000	0.317015	
762	0.241470	70	0.185714	168	0.630952	1.757729	762	0.241470	0.303000	0.316711	
746	0.241287	97	0.144330	157	0.636943	1.757729	746	0.241287	0.294000	0.316227	
744	0.283602	109	0.128440	147	0.489796	1.757729	744	0.283602	0.297000	0.315827	
761	0.299606	96	0.125000	143	0.447552	1.757729	761	0.299606	0.304000	0.315585	
736	0.315217	95	0.094737	169	0.538462	1.757729	736	0.315217	0.332000	0.315914	
797	0.375157	52	0.250000	151	0.629139	1.757729	797	0.375157	0.407000	0.317700	
761	0.354796	87	0.218391	152	0.565789	1.757729	761	0.354796	0.375000	0.318802	
772	0.352332	73	0.246575	155	0.580645	1.757729	772	0.352332	0.380000	0.319956	
765	0.403922	77	0.246753	158	0.607595	1.757729	765	0.403922	0.424000	0.321883	
759	0.266140	75	0.293333	166	0.722892	2.251061	759	0.266140	0.344000	0.322285	
770	0.288312	96	0.250000	134	0.597015	2.251061	770	0.288312	0.326000	0.322351	
795	0.311950	67	0.223881	138	0.673913	2.251061	795	0.311950	0.356000	0.322942	
767	0.277705	75	0.093333	158	0.537975	2.251061	767	0.277705	0.305000	0.322632	
748	0.247326	83	0.144578	169	0.508876	2.251061	748	0.247326	0.283000	0.321961	
742	0.283019	106	0.198113	152	0.519737	2.251061	742	0.283019	0.310000	0.321761	
775	0.276129	67	0.283582	158	0.651899	2.251061	775	0.276129	0.336000	0.321995	
785	0.281529	74	0.243243	141	0.652482	2.251061	785	0.281529	0.331000	0.322140	
741	0.280702	86	0.232558	173	0.670520	2.251061	741	0.280702	0.344000	0.322487	
755	0.307285	61	0.196721	184	0.586957	2.251061	755	0.307285	0.352000	0.322948	
754	0.305040	78	0.153846	168	0.678571	2.251061	754	0.305040	0.356000	0.323457	
772	0.253886	78	0.217949	150	0.493333	2.251061	772	0.253886	0.287000	0.322904	
743	0.285330	96	0.156250	161	0.583851	2.251061	743	0.285330	0.321000	0.322876	
750	0.252000	77	0.207792	173	0.624277	2.251061	750	0.252000	0.313000	0.322731	
728	0.295330	93	0.225806	179	0.581006	2.251061	728	0.295330	0.340000	0.322981	
761	0.295664	72	0.222222	167	0.598802	2.251061	761	0.295664	0.341000	0.323238	
801	0.308365	56	0.250000	143	0.671329	2.251061	801	0.308365	0.357000	0.323714	
788	0.284264	61	0.229508	151	0.668874	2.251061	788	0.284264	0.339000	0.323926	
780	0.314103	77	0.259740	143	0.587413	2.251061	780	0.314103	0.349000	0.324270	
777	0.263835	56	0.125000	167	0.580838	2.251061	777	0.263835	0.309000	0.324063	
750	0.280000	90	0.244444	160	0.687500	2.251061	750	0.280000	0.342000	0.324302	
767	0.265971	75	0.240000	158	0.664557	2.251061	767	0.265971	0.327000	0.324338	
747	0.254351	78	0.153846	175	0.554286	2.251061	747	0.254351	0.299000	0.324009	
781	0.286812	80	0.150000	139	0.640288	2.251061	781	0.286812	0.325000	0.324021	
756	0.271164	86	0.197674	158	0.525316	2.251061	756	0.271164	0.305000	0.323781	
794	0.285894	62	0.274194	144	0.597222	2.251061	794	0.285894	0.330000	0.323858	
731	0.287278	104	0.096154	165	0.636364	2.251061	731	0.287278	0.325000	0.323873	
755	0.282119	105	0.200000	140	0.642857	2.251061	755	0.282119	0.324000	0.323874	
783	0.302682	88	0.227273	129	0.558140	2.251061	783	0.302682	0.329000	0.323936	
783	0.273308	80	0.187500	137	0.605839	2.251061	783	0.273308	0.312000	0.323794	
770	0.280519	94	0.223404	136	0.602941	2.251061	770	0.280519	0.319000	0.323737	
753	0.208499	103	0.097087	144	0.375000	2.251061	753	0.208499	0.221000	0.322543	
597	0.234506	161	0.080745	242	0.475207	2.251061	597	0.234506	0.268000	0.321916	
746	0.264075	87	0.195402	167	0.544910	2.251061	746	0.264075	0.305000	0.321724	
781	0.298335	64	0.171875	155	0.593548	2.251061	781	0.298335	0.336000	0.321884	
754	0.297082	101	0.217822	145	0.586207	2.251061	754	0.297082	0.331000	0.321985	
746	0.302949	109	0.266055	145	0.606897	2.251061	746	0.302949	0.343000	0.322216	
759	0.281950	87	0.183908	154	0.564935	2.251061	759	0.281950	0.317000	0.322160	
751	0.259654	92	0.195652	157	0.624204	2.251061	751	0.259654	0.311000	0.322040	
738	0.303523	101	0.158416	161	0.658385	2.251061	738	0.303523	0.346000	0.322294	
735	0.295238	94	0.212766	171	0.590643	2.251061	735	0.295238	0.338000	0.322460	
771	0.300908	82	0.182927	147	0.517007	2.251061	771	0.300908	0.323000	0.322465	
760	0.261842	64	0.140625	176	0.534091	2.251061	760	0.261842	0.302000	0.322254	
780	0.289744	91	0.241758	129	0.596899	2.251061	780	0.289744	0.325000	0.322282	
786	0.309160	75	0.280000	139	0.525180	2.251061	786	0.309160	0.337000	0.322431	
746	0.296247	105	0.180952	149	0.449664	2.251061	746	0.296247	0.307000	0.322277	
771	0.294423	109	0.155963	120	0.691667	2.251061	771	0.294423	0.327000	0.322324	
787	0.313850	68	0.220588	145	0.606897	2.251061	787	0.313850	0.350000	0.322595	
758	0.292876	95	0.189474	147	0.564626	2.251061	758	0.292876	0.323000	0.322599	
771	0.289235	80	0.187500	149	0.617450	2.251061	771	0.289235	0.330000	0.322670	
764	0.282723	86	0.186047	150	0.653333	2.251061	764	0.282723	0.330000	0.322740	
751	0.264980	117	0.153846	132	0.590909	2.251061	751	0.264980	0.295000	0.322478	
739	0.303112	98	0.193878	163	0.521472	2.251061	739	0.303112	0.328000	0.322530	
723	0.287690	93	0.204301	184	0.581522	2.251061	723	0.287690	0.334000	0.322636	
774	0.307494	68	0.161765	158	0.696203	2.251061	774	0.307494	0.359000	0.322970	
758	0.291557	87	0.149425	155	0.574194	2.251061	758	0.291557	0.323000	0.322970	
762	0.313648	75	0.173333	163	0.674847	2.251061	762	0.313648	0.362000	0.323321	
788	0.288071	73	0.191781	139	0.597122	2.251061	788	0.288071	0.324000	0.323327	
743	0.312248	90	0.266667	167	0.598802	2.251061	743	0.312248	0.356000	0.323617	
748	0.227273	74	0.148649	178	0.584270	2.251061	748	0.227273	0.285000	0.323278	
753	0.304117	84	0.190476	163	0.625767	2.251061	753	0.304117	0.347000	0.323484	
760	0.288158	81	0.135802	159	0.547170	2.251061	760	0.288158	0.317000	0.323428	
722	0.254848	83	0.289157	195	0.512821	2.251061	722	0.254848	0.308000	0.323296	
739	0.254398	125	0.192000	136	0.632353	2.251061	739	0.254398	0.298000	0.323082	
790	0.308861	69	0.202899	141	0.631206	2.251061	790	0.308861	0.347000	0.323283	
738	0.289973	115	0.226087	147	0.564626	2.251061	738	0.289973	0.323000	0.323281	
764	0.312827	97	0.175258	139	0.582734	2.251061	764	0.312827	0.337000	0.323394	
762	0.266404	100	0.230000	138	0.666667	2.251061	762	0.266404	0.318000	0.323350	
747	0.293173	111	0.189189	142	0.570423	2.251061	747	0.293173	0.321000	0.323331	
750	0.302667	107	0.214953	143	0.643357	2.251061	750	0.302667	0.342000	0.323481	
759	0.277997	63	0.174603	178	0.612360	2.251061	759	0.277997	0.331000	0.323541	
770	0.257143	77	0.220779	153	0.483660	2.251061	770	0.257143	0.289000	0.323267	
746	0.226542	91	0.153846	163	0.582822	2.251061	746	0.226542	0.278000	0.322911	
780	0.274359	76	0.131579	144	0.562500	2.251061	780	0.274359	0.305000	0.322771	
758	0.216359	95	0.178947	147	0.503401	2.251061	758	0.216359	0.255000	0.322246	
763	0.258191	86	0.209302	151	0.496689	2.251061	763	0.258191	0.290000	0.321998	
761	0.241787	73	0.342466	166	0.554217	2.251061	761	0.241787	0.301000	0.321837	
790	0.269620	77	0.337662	133	0.556391	2.251061	790	0.269620	0.313000	0.321770	
743	0.254374	106	0.198113	151	0.582781	2.251061	743	0.254374	0.298000	0.321592	
748	0.299465	96	0.197917	156	0.544872	2.251061	748	0.299465	0.328000	0.321639	
751	0.272969	104	0.192308	145	0.731034	2.251061	751	0.272969	0.331000	0.321709	
791	0.298357	69	0.304348	140	0.428571	2.251061	791	0.298357	0.317000	0.321674	
770	0.292208	67	0.268657	163	0.619632	2.251061	770	0.292208	0.344000	0.321837	
799	0.291615	53	0.207547	148	0.641892	2.251061	799	0.291615	0.339000	0.321961	
785	0.280255	71	0.211268	144	0.645833	2.251061	785	0.280255	0.328000	0.322005	
771	0.304799	59	0.220339	170	0.600000	2.251061	771	0.304799	0.350000	0.322205	
761	0.306176	84	0.154762	155	0.593548	2.251061	761	0.306176	0.338000	0.322317	
782	0.221228	58	0.172414	160	0.568750	2.251061	782	0.221228	0.274000	0.321977	
760	0.240789	86	0.162791	154	0.603896	2.251061	760	0.240789	0.290000	0.321753	
758	0.290237	77	0.194805	165	0.563636	2.251061	758	0.290237	0.328000	0.321796	
759	0.279315	74	0.135135	167	0.491018	2.251061	759	0.279315	0.304000	0.321674	
791	0.312263	69	0.188406	140	0.514286	2.251061	791	0.312263	0.332000	0.321744	
775	0.290323	91	0.241758	134	0.626866	2.251061	775	0.290323	0.331000	0.321807	
758	0.277045	80	0.200000	162	0.617284	2.251061	758	0.277045	0.326000	0.321836	
782	0.280051	77	0.259740	141	0.567376	2.251061	782	0.280051	0.319000	0.321817	
731	0.268126	110	0.127273	159	0.628931	2.251061	731	0.268126	0.310000	0.321738	
769	0.262679	85	0.188235	146	0.650685	2.251061	769	0.262679	0.313000	0.321680	
694	0.288184	84	0.238095	222	0.599099	2.251061	694	0.288184	0.353000	0.321886	
735	0.182313	70	0.228571	195	0.605128	2.251061	735	0.182313	0.268000	0.321534	
756	0.261905	68	0.323529	176	0.477273	1.952690	756	0.261905	0.304000	0.321420	
713	0.260870	94	0.170213	193	0.606218	1.952690	713	0.260870	0.319000	0.321404	
734	0.273842	68	0.264706	198	0.500000	1.952690	734	0.273842	0.318000	0.321383	
709	0.258110	139	0.107914	152	0.592105	1.952690	709	0.258110	0.288000	0.321170	
736	0.244565	121	0.132231	143	0.566434	1.952690	736	0.244565	0.277000	0.320890	
751	0.249001	82	0.317073	167	0.425150	1.952690	751	0.249001	0.284000	0.320658	
721	0.298197	118	0.161017	161	0.664596	1.952690	721	0.298197	0.341000	0.320785	
737	0.260516	84	0.250000	179	0.536313	1.952690	737	0.260516	0.309000	0.320712	
713	0.220196	98	0.173469	189	0.550265	1.952690	713	0.220196	0.278000	0.320449	
733	0.260573	119	0.134454	148	0.594595	1.952690	733	0.260573	0.295000	0.320293	
747	0.282463	106	0.132075	147	0.517007	1.952690	747	0.282463	0.301000	0.320175	
750	0.272000	83	0.180723	167	0.610778	1.952690	750	0.272000	0.321000	0.320180	
701	0.272468	85	0.082353	214	0.584112	1.952690	701	0.272468	0.323000	0.320197	
758	0.266491	65	0.200000	177	0.564972	1.952690	758	0.266491	0.315000	0.320166	
718	0.225627	98	0.224490	184	0.581522	1.952690	718	0.225627	0.291000	0.319992	
741	0.238866	81	0.098765	178	0.651685	1.952690	741	0.238866	0.301000	0.319880	
748	0.211230	72	0.236111	180	0.622222	1.952690	748	0.211230	0.287000	0.319686	
726	0.224518	84	0.238095	190	0.610526	1.952690	726	0.224518	0.299000	0.319565	
723	0.258645	121	0.140496	156	0.692308	1.952690	723	0.258645	0.312000	0.319521	
747	0.251673	89	0.157303	164	0.567073	1.952690	747	0.251673	0.295000	0.319380	
737	0.225237	80	0.212500	183	0.677596	1.952690	737	0.225237	0.307000	0.319309	
729	0.279835	92	0.250000	179	0.692737	1.952690	729	0.279835	0.351000	0.319490	
741	0.265857	140	0.221429	119	0.563025	1.952690	741	0.265857	0.295000	0.319350	
724	0.218232	101	0.178218	175	0.588571	1.952690	724	0.218232	0.279000	0.319122	
688	0.236919	120	0.208333	192	0.515625	1.952690	688	0.236919	0.287000	0.318942	
693	0.269841	139	0.208633	168	0.553571	1.952690	693	0.269841	0.309000	0.318886	
705	0.319149	81	0.172840	214	0.719626	1.952690	705	0.319149	0.393000	0.319298	
629	0.241653	120	0.191667	251	0.661355	1.952690	629	0.241653	0.341000	0.319418	
741	0.294197	116	0.137931	143	0.601399	1.952690	741	0.294197	0.320000	0.319421	
726	0.320937	138	0.166667	136	0.588235	1.952690	726	0.320937	0.336000	0.319512	
773	0.302717	62	0.274194	165	0.527273	1.952690	773	0.302717	0.338000	0.319612	
733	0.342428	118	0.228814	149	0.651007	1.952690	733	0.342428	0.375000	0.319912	
728	0.303571	105	0.285714	167	0.610778	1.952690	728	0.303571	0.353000	0.320090	
773	0.288486	62	0.209677	165	0.472727	1.952690	773	0.288486	0.314000	0.320057	
757	0.239102	80	0.150000	163	0.564417	1.952690	757	0.239102	0.285000	0.319871	
735	0.273469	107	0.196262	158	0.500000	1.952690	735	0.273469	0.301000	0.319771	
746	0.261394	112	0.178571	142	0.556338	1.952690	746	0.261394	0.294000	0.319635	
761	0.261498	103	0.233010	136	0.544118	1.952690	761	0.261498	0.297000	0.319517	
743	0.246299	93	0.193548	164	0.603659	1.952690	743	0.246299	0.300000	0.319415	
740	0.301351	86	0.232558	174	0.551724	1.952690	740	0.301351	0.339000	0.319516	
745	0.296644	100	0.080000	155	0.503226	1.952690	745	0.296644	0.307000	0.319452	
745	0.263087	104	0.182692	151	0.602649	1.952690	745	0.263087	0.306000	0.319383	
752	0.283245	103	0.194175	145	0.565517	1.952690	752	0.283245	0.315000	0.319361	
697	0.265423	129	0.116279	174	0.632184	1.952690	697	0.265423	0.310000	0.319313	
760	0.296053	76	0.144737	164	0.500000	1.952690	760	0.296053	0.318000	0.319306	
713	0.272090	117	0.102564	170	0.576471	1.952690	713	0.272090	0.304000	0.319230	
756	0.304233	96	0.166667	148	0.574324	1.952690	756	0.304233	0.331000	0.319288	
717	0.291492	124	0.185484	159	0.603774	1.952690	717	0.291492	0.328000	0.319332	
758	0.333773	63	0.317460	179	0.581006	1.952690	758	0.333773	0.377000	0.319617	
733	0.296044	115	0.147826	152	0.519737	1.952690	733	0.296044	0.313000	0.319585	
678	0.266962	142	0.140845	180	0.572222	1.952690	678	0.266962	0.304000	0.319508	
747	0.306560	139	0.136691	114	0.622807	1.952690	747	0.306560	0.319000	0.319506	
728	0.280220	113	0.221239	159	0.547170	1.952690	728	0.280220	0.316000	0.319489	
694	0.311239	126	0.111111	180	0.727778	1.952690	694	0.311239	0.361000	0.319689	
749	0.291055	92	0.239130	159	0.647799	1.952690	749	0.291055	0.343000	0.319801	
726	0.276860	118	0.152542	156	0.397436	1.952690	726	0.276860	0.281000	0.319616	
774	0.273902	97	0.206186	129	0.651163	1.952690	774	0.273902	0.316000	0.319598	
739	0.255751	113	0.141593	148	0.594595	1.952690	739	0.255751	0.293000	0.319472	
751	0.314248	108	0.148148	141	0.553191	1.952690	751	0.314248	0.330000	0.319522	
739	0.335589	112	0.178571	149	0.617450	1.952690	739	0.335589	0.360000	0.319712	
757	0.299868	93	0.204301	150	0.606667	1.952690	757	0.299868	0.337000	0.319793	
764	0.284031	96	0.135417	140	0.642857	1.952690	764	0.284031	0.320000	0.319794	
769	0.284785	87	0.137931	144	0.500000	1.952690	769	0.284785	0.303000	0.319716	
755	0.339073	102	0.225490	143	0.552448	1.952690	755	0.339073	0.358000	0.319893	
722	0.308864	131	0.099237	147	0.646259	1.952690	722	0.308864	0.331000	0.319943	
745	0.248322	100	0.170000	155	0.612903	1.952690	745	0.248322	0.297000	0.319839	
735	0.274830	106	0.198113	159	0.559748	1.952690	735	0.274830	0.312000	0.319803	
677	0.314623	141	0.141844	182	0.725275	1.952690	677	0.314623	0.365000	0.320008	
735	0.311565	110	0.118182	155	0.612903	1.952690	735	0.311565	0.337000	0.320084	
739	0.330176	88	0.215909	173	0.606936	1.952690	739	0.330176	0.368000	0.320299	
764	0.341623	70	0.228571	166	0.698795	1.952690	764	0.341623	0.393000	0.320624	
736	0.258152	100	0.210000	164	0.512195	1.952690	736	0.258152	0.295000	0.320510	
784	0.298469	66	0.181818	150	0.573333	1.952690	784	0.298469	0.332000	0.320561	
745	0.302013	93	0.107527	162	0.500000	1.952690	745	0.302013	0.316000	0.320540	
731	0.264022	99	0.141414	170	0.552941	1.952690	731	0.264022	0.301000	0.320455	
741	0.314440	107	0.252336	152	0.552632	1.952690	741	0.314440	0.344000	0.320558	
608	0.314145	68	0.191176	324	0.225309	1.952690	608	0.314145	0.277000	0.320368	
749	0.301736	88	0.227273	163	0.558282	1.952690	749	0.301736	0.337000	0.320440	
739	0.288227	113	0.123894	148	0.641892	1.952690	739	0.288227	0.322000	0.320447	
759	0.303030	91	0.142857	150	0.580000	1.952690	759	0.303030	0.330000	0.320488	
790	0.303797	68	0.294118	142	0.683099	1.952690	790	0.303797	0.357000	0.320644	
758	0.298153	78	0.243590	164	0.603659	1.952690	758	0.298153	0.344000	0.320743	
774	0.346253	78	0.179487	148	0.601351	1.952690	774	0.346253	0.371000	0.320956	
762	0.317585	87	0.206897	151	0.576159	1.952690	762	0.317585	0.347000	0.321066	
774	0.337209	73	0.150685	153	0.588235	1.952690	774	0.337209	0.362000	0.321238	
767	0.325945	100	0.180000	133	0.601504	1.952690	767	0.325945	0.348000	0.321350	
773	0.337646	67	0.238806	160	0.581250	1.952690	773	0.337646	0.370000	0.321553	
744	0.323925	89	0.213483	167	0.610778	1.952690	744	0.323925	0.362000	0.321721	
730	0.256164	87	0.229885	183	0.557377	1.952690	730	0.256164	0.309000	0.321668	
772	0.336788	63	0.190476	165	0.600000	1.952690	772	0.336788	0.371000	0.321871	
759	0.313570	73	0.178082	168	0.660714	1.952690	759	0.313570	0.362000	0.322036	
747	0.285141	93	0.129032	160	0.518750	1.952690	747	0.285141	0.308000	0.321978	
735	0.312925	108	0.138889	157	0.624204	1.952690	735	0.312925	0.343000	0.322064	
684	0.311404	107	0.177570	209	0.622010	1.952690	684	0.311404	0.362000	0.322225	
701	0.283880	107	0.158879	192	0.598958	1.952690	701	0.283880	0.331000	0.322261	
770	0.338961	72	0.166667	158	0.550633	1.952690	770	0.338961	0.360000	0.322412	
723	0.344398	100	0.160000	177	0.570621	1.952690	723	0.344398	0.366000	0.322587	
750	0.354667	113	0.221239	137	0.583942	1.952690	750	0.354667	0.371000	0.322780	
757	0.290621	103	0.165049	140	0.521429	1.952690	757	0.290621	0.310000	0.322729	
793	0.320303	85	0.129412	122	0.614754	1.952690	793	0.320303	0.340000	0.322797	
765	0.315033	79	0.139241	156	0.589744	1.952690	765	0.315033	0.344000	0.322881	
744	0.290323	93	0.129032	163	0.466258	1.952690	744	0.290323	0.304000	0.322807	
761	0.310118	85	0.129412	154	0.532468	1.952690	761	0.310118	0.329000	0.322831	
766	0.296345	73	0.123288	161	0.552795	1.952690	766	0.296345	0.325000	0.322839	
718	0.272981	127	0.094488	155	0.683871	1.952690	718	0.272981	0.314000	0.322805	
747	0.323963	110	0.172727	143	0.503497	1.952690	747	0.323963	0.333000	0.322844	
726	0.322314	119	0.184874	155	0.600000	1.952690	726	0.322314	0.349000	0.322945	
737	0.267300	127	0.102362	136	0.602941	1.952690	737	0.267300	0.292000	0.322826	
746	0.265416	89	0.168539	165	0.636364	1.952690	746	0.265416	0.318000	0.322808	
740	0.283784	96	0.177083	164	0.530488	1.952690	740	0.283784	0.314000	0.322774	
737	0.298507	103	0.077670	160	0.425000	1.952690	737	0.298507	0.296000	0.322673	
779	0.272144	84	0.119048	137	0.496350	1.952690	779	0.272144	0.290000	0.322550	
751	0.306258	87	0.126437	162	0.666667	1.952690	751	0.306258	0.349000	0.322649	
712	0.318820	87	0.218391	201	0.646766	1.952690	712	0.318820	0.376000	0.322849	
729	0.289438	114	0.140351	157	0.681529	1.952690	729	0.289438	0.334000	0.322891	
725	0.284138	138	0.144928	137	0.664234	1.952690	725	0.284138	0.317000	0.322869	
715	0.290909	95	0.200000	190	0.684211	1.952690	715	0.290909	0.357000	0.322995	
720	0.302778	100	0.220000	180	0.400000	1.952690	720	0.302778	0.312000	0.322955	
750	0.321333	119	0.277311	131	0.549618	1.952690	750	0.321333	0.346000	0.323039	
720	0.347222	93	0.139785	187	0.647059	1.952690	720	0.347222	0.384000	0.323263	
701	0.318117	115	0.165217	184	0.673913	1.952690	701	0.318117	0.366000	0.323419	
753	0.286853	84	0.178571	163	0.650307	1.952690	753	0.286853	0.337000	0.323468	
744	0.302419	78	0.192308	178	0.657303	1.952690	744	0.302419	0.357000	0.323589	
750	0.308000	73	0.205479	177	0.621469	1.952690	750	0.308000	0.356000	0.323706	
786	0.270992	56	0.339286	158	0.702532	1.952690	786	0.270992	0.343000	0.323776	
788	0.257614	59	0.254237	153	0.660131	1.952690	788	0.257614	0.319000	0.323759	
750	0.301333	74	0.324324	176	0.670455	1.952690	750	0.301333	0.368000	0.323917	
750	0.292000	86	0.209302	164	0.530488	1.952690	750	0.292000	0.324000	0.323917	
740	0.266216	88	0.215909	172	0.563953	1.952690	740	0.266216	0.313000	0.323878	
782	0.317136	69	0.202899	149	0.597315	1.952690	782	0.317136	0.351000	0.323974	
784	0.290816	57	0.368421	159	0.654088	1.952690	784	0.290816	0.353000	0.324076	
767	0.323338	92	0.141304	141	0.666667	1.952690	767	0.323338	0.355000	0.324185	
780	0.307692	51	0.254902	169	0.644970	1.952690	780	0.307692	0.362000	0.324317	
737	0.267300	99	0.282828	164	0.579268	1.952690	737	0.267300	0.320000	0.324302	
769	0.275683	98	0.163265	133	0.654135	1.952690	769	0.275683	0.315000	0.324270	
709	0.286319	133	0.180451	158	0.626582	1.952690	709	0.286319	0.326000	0.324276	
765	0.236601	94	0.159574	141	0.560284	1.952690	765	0.236601	0.275000	0.324106	
752	0.315160	79	0.316456	169	0.609467	1.952690	752	0.315160	0.365000	0.324246	
718	0.318942	107	0.214953	175	0.537143	1.952690	718	0.318942	0.346000	0.324321	
754	0.315650	91	0.153846	155	0.645161	1.952690	754	0.315650	0.352000	0.324415	
756	0.280423	82	0.256098	162	0.746914	1.952690	756	0.280423	0.354000	0.324516	
751	0.316911	95	0.284211	154	0.422078	1.952690	751	0.316911	0.330000	0.324534	
761	0.321945	88	0.306818	151	0.609272	1.952690	761	0.321945	0.364000	0.324668	
731	0.340629	85	0.141176	184	0.554348	1.952690	731	0.340629	0.363000	0.324797	
713	0.293128	138	0.188406	149	0.550336	1.952690	713	0.293128	0.317000	0.324771	
745	0.285906	132	0.166667	123	0.593496	1.952690	745	0.285906	0.308000	0.324715	
701	0.308131	124	0.088710	175	0.491429	1.952690	701	0.308131	0.313000	0.324676	
746	0.296247	105	0.161905	149	0.523490	1.952690	746	0.296247	0.316000	0.324647	
769	0.308192	83	0.096386	148	0.655405	1.952690	769	0.308192	0.342000	0.324704	
719	0.319889	105	0.142857	176	0.551136	1.952690	719	0.319889	0.342000	0.324761	
747	0.294511	88	0.125000	165	0.454545	1.952690	747	0.294511	0.306000	0.324700	
750	0.316000	50	0.240000	200	0.680000	1.952690	750	0.316000	0.385000	0.324897	
782	0.337596	57	0.263158	161	0.664596	1.952690	782	0.337596	0.386000	0.325097	
743	0.335128	56	0.196429	201	0.547264	1.952690	743	0.335128	0.370000	0.325243	
720	0.316667	82	0.158537	198	0.712121	1.952690	720	0.316667	0.382000	0.325428	
741	0.306343	88	0.170455	171	0.637427	1.952690	741	0.306343	0.351000	0.325510	
712	0.314607	110	0.118182	178	0.483146	1.952690	712	0.314607	0.323000	0.325502	
777	0.312741	75	0.146667	148	0.635135	1.952690	777	0.312741	0.348000	0.325575	
753	0.298805	82	0.146341	165	0.690909	1.952690	753	0.298805	0.351000	0.325656	
719	0.296245	119	0.084034	162	0.580247	1.952690	719	0.296245	0.317000	0.325628	
736	0.273098	119	0.117647	145	0.634483	1.952690	736	0.273098	0.307000	0.325569	
756	0.280423	83	0.156627	161	0.571429	1.952690	756	0.280423	0.317000	0.325542	
744	0.321237	69	0.130435	187	0.534759	1.952690	744	0.321237	0.348000	0.325613	
739	0.309878	115	0.113043	146	0.568493	1.952690	739	0.309878	0.325000	0.325611	
750	0.304000	122	0.114754	128	0.671875	1.952690	750	0.304000	0.328000	0.325618	
766	0.305483	95	0.263158	139	0.633094	1.952690	766	0.305483	0.347000	0.325685	
751	0.296937	81	0.271605	168	0.648810	1.952690	751	0.296937	0.354000	0.325774	
732	0.275956	106	0.216981	162	0.586420	1.952690	732	0.275956	0.320000	0.325756	
720	0.287500	119	0.176471	161	0.720497	1.952690	720	0.287500	0.344000	0.325813	
732	0.281421	110	0.209091	158	0.506329	1.952690	732	0.281421	0.309000	0.325761	
761	0.298292	87	0.160920	152	0.335526	1.952690	761	0.298292	0.292000	0.325656	
744	0.303763	105	0.238095	151	0.635762	1.952690	744	0.303763	0.347000	0.325722	
754	0.346154	106	0.169811	140	0.550000	1.952690	754	0.346154	0.356000	0.325815	
727	0.257221	114	0.254386	159	0.628931	1.952690	727	0.257221	0.316000	0.325785	
708	0.269774	104	0.201923	188	0.675532	1.952690	708	0.269774	0.339000	0.325825	
723	0.313970	109	0.110092	168	0.654762	1.952690	723	0.313970	0.349000	0.325896	
730	0.327397	106	0.169811	164	0.701220	1.952690	730	0.327397	0.372000	0.326035	
694	0.354467	142	0.119718	164	0.621951	1.952690	694	0.354467	0.365000	0.326153	
726	0.312672	102	0.186275	172	0.529070	1.952690	726	0.312672	0.337000	0.326186	
742	0.283019	67	0.194030	191	0.628272	1.952690	742	0.283019	0.343000	0.326236	
712	0.314607	117	0.136752	171	0.590643	1.952690	712	0.314607	0.341000	0.326280	
707	0.304102	134	0.179104	159	0.654088	1.952690	707	0.304102	0.343000	0.326330	
753	0.272244	104	0.134615	143	0.552448	1.952690	753	0.272244	0.298000	0.326246	
764	0.323298	87	0.160920	149	0.442953	1.952690	764	0.323298	0.327000	0.326248	
744	0.271505	108	0.129630	148	0.594595	1.952690	744	0.271505	0.304000	0.326182	
751	0.251664	99	0.191919	150	0.633333	1.952690	751	0.251664	0.303000	0.326114	
768	0.281250	81	0.185185	151	0.529801	1.952690	768	0.281250	0.311000	0.326070	
756	0.255291	88	0.147727	156	0.576923	1.952690	756	0.255291	0.296000	0.325981	
734	0.288828	114	0.087719	152	0.631579	1.952690	734	0.288828	0.318000	0.325958	
744	0.283602	92	0.250000	164	0.615854	1.952690	744	0.283602	0.335000	0.325984	
721	0.285714	107	0.205607	172	0.598837	1.952690	721	0.285714	0.331000	0.325999	
742	0.252022	91	0.164835	167	0.634731	1.952690	742	0.252022	0.308000	0.325947	
778	0.296915	61	0.278689	161	0.496894	1.952690	778	0.296915	0.328000	0.325953	
728	0.266484	113	0.141593	159	0.603774	1.952690	728	0.266484	0.306000	0.325895	
753	0.266932	98	0.102041	149	0.651007	1.952690	753	0.266932	0.308000	0.325844	
740	0.252703	83	0.120482	177	0.548023	1.952690	740	0.252703	0.294000	0.325753	
736	0.233696	105	0.171429	159	0.484277	1.952690	736	0.233696	0.267000	0.325585	
749	0.220294	75	0.200000	176	0.619318	1.952690	749	0.220294	0.289000	0.325481	
756	0.250000	88	0.136364	156	0.467949	1.952690	756	0.250000	0.274000	0.325334	
737	0.245590	75	0.293333	188	0.601064	1.952690	737	0.245590	0.316000	0.325308	
708	0.248588	124	0.088710	168	0.589286	1.952690	708	0.248588	0.286000	0.325197	
733	0.208731	112	0.151786	155	0.574194	1.952690	733	0.208731	0.259000	0.325010	
742	0.270889	81	0.209877	177	0.598870	1.952690	742	0.270889	0.324000	0.325008	
758	0.274406	103	0.174757	139	0.532374	1.952690	758	0.274406	0.300000	0.324937	
713	0.249649	150	0.153333	137	0.554745	1.952690	713	0.249649	0.277000	0.324804	
715	0.265734	100	0.220000	185	0.600000	1.952690	715	0.265734	0.323000	0.324799	
723	0.278008	106	0.179245	171	0.567251	1.952690	723	0.278008	0.317000	0.324777	
755	0.270199	108	0.231481	137	0.386861	1.952690	755	0.270199	0.282000	0.324658	
762	0.282152	93	0.139785	145	0.586207	1.952690	762	0.282152	0.313000	0.324626	
745	0.260403	100	0.160000	155	0.516129	1.952690	745	0.260403	0.290000	0.324531	
769	0.288687	72	0.208333	159	0.654088	1.952690	769	0.288687	0.341000	0.324576	
721	0.299584	126	0.103175	153	0.568627	1.952690	721	0.299584	0.316000	0.324553	
753	0.273572	87	0.103448	160	0.725000	1.952690	753	0.273572	0.331000	0.324570	
753	0.301461	88	0.193182	159	0.647799	1.952690	753	0.301461	0.347000	0.324631	
768	0.324219	88	0.340909	144	0.555556	1.952690	768	0.324219	0.359000	0.324725	
758	0.369393	61	0.196721	181	0.618785	1.952690	758	0.369393	0.404000	0.324939	
735	0.277551	107	0.205607	158	0.525316	1.952690	735	0.277551	0.309000	0.324896	
767	0.340287	84	0.071429	149	0.496644	1.952690	767	0.340287	0.341000	0.324940	
762	0.311024	85	0.294118	153	0.424837	1.952690	762	0.311024	0.327000	0.324945	
748	0.347594	81	0.259259	171	0.672515	1.952690	748	0.347594	0.396000	0.325136	
771	0.322957	74	0.202703	155	0.587097	1.952690	771	0.322957	0.355000	0.325216	
754	0.384615	95	0.168421	151	0.556291	1.952690	754	0.384615	0.390000	0.325388	
753	0.355910	95	0.231579	152	0.585526	1.952690	753	0.355910	0.379000	0.325531	
773	0.313066	79	0.278481	148	0.662162	1.952690	773	0.313066	0.362000	0.325628	
800	0.328750	46	0.195652	154	0.551948	1.952690	800	0.328750	0.357000	0.325711	
754	0.328912	52	0.057692	194	0.551546	1.952690	754	0.328912	0.358000	0.325796	
740	0.309459	105	0.133333	155	0.690323	1.952690	740	0.309459	0.350000	0.325860	
767	0.286832	111	0.279279	122	0.500000	1.952690	767	0.286832	0.312000	0.325823	
755	0.294040	103	0.165049	142	0.591549	1.952690	755	0.294040	0.323000	0.325816	
751	0.351531	105	0.095238	144	0.611111	1.952690	751	0.351531	0.362000	0.325910	
743	0.336474	102	0.156863	155	0.509677	1.952690	743	0.336474	0.345000	0.325960	
718	0.296657	98	0.204082	184	0.641304	1.952690	718	0.296657	0.351000	0.326025	
765	0.330719	92	0.358696	143	0.587413	1.952690	765	0.330719	0.370000	0.326139	
761	0.325887	81	0.259259	158	0.563291	1.952690	761	0.325887	0.358000	0.326221	
750	0.370667	88	0.181818	162	0.592593	1.952690	750	0.370667	0.390000	0.326386	
787	0.334180	83	0.156627	130	0.615385	1.952690	787	0.334180	0.356000	0.326462	
712	0.290730	120	0.150000	168	0.589286	1.952690	712	0.290730	0.324000	0.326456	
738	0.258808	102	0.117647	160	0.418750	1.952690	738	0.258808	0.270000	0.326311	
761	0.296978	89	0.213483	150	0.573333	1.952690	761	0.296978	0.331000	0.326323	
747	0.315930	102	0.215686	151	0.668874	1.952690	747	0.315930	0.359000	0.326406	
756	0.313492	74	0.256757	170	0.611765	1.952690	756	0.313492	0.360000	0.326492	
771	0.304799	67	0.134328	162	0.524691	1.952690	771	0.304799	0.329000	0.326498	
788	0.275381	78	0.141026	134	0.664179	1.952690	788	0.275381	0.317000	0.326474	
763	0.342071	72	0.277778	165	0.600000	1.952690	763	0.342071	0.380000	0.326609	
774	0.369509	79	0.240506	147	0.721088	1.952690	774	0.369509	0.411000	0.326821	
764	0.348168	97	0.268041	139	0.640288	1.952690	764	0.348168	0.381000	0.326957	
733	0.321965	98	0.153061	169	0.633136	1.952690	733	0.321965	0.358000	0.327034	
760	0.336842	94	0.191489	146	0.616438	1.952690	760	0.336842	0.364000	0.327126	
753	0.354582	77	0.207792	170	0.682353	1.952690	753	0.354582	0.399000	0.327305	
763	0.297510	62	0.161290	175	0.542857	1.952690	763	0.297510	0.332000	0.327317	
763	0.300131	48	0.145833	189	0.560847	1.952690	763	0.300131	0.342000	0.327353	
790	0.317722	66	0.181818	144	0.569444	1.952690	790	0.317722	0.345000	0.327397	
735	0.331973	109	0.183486	156	0.493590	1.952690	735	0.331973	0.341000	0.327430	
742	0.327493	93	0.161290	165	0.642424	1.952690	742	0.327493	0.364000	0.327520	
745	0.293960	105	0.180952	150	0.633333	1.952690	745	0.293960	0.333000	0.327534	
716	0.287709	130	0.169231	154	0.435065	1.952690	716	0.287709	0.295000	0.327454	
724	0.313536	124	0.225806	152	0.559211	1.952690	724	0.313536	0.340000	0.327485	
763	0.323722	103	0.116505	134	0.634328	1.952690	763	0.323722	0.344000	0.327525	
762	0.300525	86	0.232558	152	0.585526	1.952690	762	0.300525	0.338000	0.327550	
780	0.288462	64	0.156250	156	0.538462	1.952690	780	0.288462	0.319000	0.327529	
755	0.286093	90	0.233333	155	0.490323	1.952690	755	0.286093	0.313000	0.327494	
745	0.339597	108	0.120370	147	0.530612	1.952690	745	0.339597	0.344000	0.327534	
761	0.345598	101	0.148515	138	0.666667	1.952690	761	0.345598	0.370000	0.327636	
750	0.360000	68	0.161765	182	0.609890	1.952690	750	0.360000	0.392000	0.327791	
756	0.338624	72	0.138889	172	0.581395	1.952690	756	0.338624	0.366000	0.327882	
766	0.263708	79	0.151899	155	0.587097	1.952690	766	0.263708	0.305000	0.327827	
754	0.314324	88	0.227273	158	0.683544	1.952690	754	0.314324	0.365000	0.327916	
780	0.334615	93	0.376344	127	0.440945	1.952690	780	0.334615	0.352000	0.327973	
779	0.320924	70	0.157143	151	0.602649	1.952690	779	0.320924	0.352000	0.328030	
746	0.341823	94	0.095745	160	0.543750	1.952690	746	0.341823	0.351000	0.328084	
739	0.307172	101	0.198020	160	0.631250	1.952690	739	0.307172	0.348000	0.328131	
780	0.310256	94	0.212766	126	0.634921	1.952690	780	0.310256	0.342000	0.328164	
756	0.271164	83	0.216867	161	0.428571	1.952690	756	0.271164	0.292000	0.328079	
762	0.370079	89	0.168539	149	0.657718	1.952690	762	0.370079	0.395000	0.328236	
767	0.305085	67	0.208955	166	0.692771	1.952690	767	0.305085	0.363000	0.328317	
757	0.298547	85	0.200000	158	0.430380	1.952690	757	0.298547	0.311000	0.328277	
770	0.335065	85	0.294118	145	0.468966	1.952690	770	0.335065	0.351000	0.328329	
769	0.332900	93	0.236559	138	0.630435	1.952690	769	0.332900	0.365000	0.328415	
759	0.322793	83	0.144578	158	0.607595	1.952690	759	0.322793	0.353000	0.328471	
762	0.341207	80	0.150000	158	0.607595	1.952690	762	0.341207	0.368000	0.328563	
771	0.316472	83	0.228916	146	0.657534	1.952690	771	0.316472	0.359000	0.328633	
752	0.299202	94	0.212766	154	0.623377	1.952690	752	0.299202	0.341000	0.328661	
785	0.277707	72	0.236111	143	0.538462	1.952690	785	0.277707	0.312000	0.328623	
757	0.291942	82	0.195122	161	0.447205	1.952690	757	0.291942	0.309000	0.328578	
721	0.271845	76	0.223684	203	0.596059	1.952690	721	0.271845	0.334000	0.328591	
736	0.286685	86	0.232558	178	0.466292	1.952690	736	0.286685	0.314000	0.328557	
692	0.296243	137	0.160584	171	0.625731	1.952690	692	0.296243	0.334000	0.328570	
701	0.252496	92	0.250000	207	0.536232	1.952690	701	0.252496	0.311000	0.328530	
753	0.248340	103	0.155340	144	0.666667	1.952690	753	0.248340	0.299000	0.328463	
701	0.305278	131	0.106870	168	0.636905	1.952690	701	0.305278	0.335000	0.328478	
696	0.287356	126	0.182540	178	0.612360	1.952690	696	0.287356	0.332000	0.328486	
746	0.304290	94	0.148936	160	0.606250	1.952690	746	0.304290	0.338000	0.328507	
731	0.295486	99	0.202020	170	0.652941	1.952690	731	0.295486	0.347000	0.328549	
692	0.293353	126	0.166667	182	0.565934	1.952690	692	0.293353	0.327000	0.328545	
753	0.254980	99	0.181818	148	0.567568	1.952690	753	0.254980	0.294000	0.328468	
743	0.254374	101	0.227723	156	0.692308	1.952690	743	0.254374	0.320000	0.328449	
741	0.261808	102	0.166667	157	0.649682	1.952690	741	0.261808	0.313000	0.328415	
731	0.270862	128	0.171875	141	0.539007	1.952690	731	0.270862	0.296000	0.328343	
791	0.292035	87	0.218391	122	0.786885	1.952690	791	0.292035	0.346000	0.328382	
761	0.314060	85	0.294118	154	0.577922	1.952690	761	0.314060	0.353000	0.328436	
752	0.301862	81	0.246914	167	0.688623	1.952690	752	0.301862	0.362000	0.328510	
765	0.267974	86	0.255814	149	0.711409	1.952690	765	0.267974	0.333000	0.328520	
726	0.250689	112	0.187500	162	0.456790	1.952690	726	0.250689	0.277000	0.328407	
749	0.276368	91	0.153846	160	0.612500	1.952690	749	0.276368	0.319000	0.328387	
743	0.275908	102	0.186275	155	0.670968	1.952690	743	0.275908	0.328000	0.328386	
763	0.255570	77	0.246753	160	0.606250	1.952690	763	0.255570	0.311000	0.328348	
741	0.292848	97	0.309278	162	0.586420	1.952690	741	0.292848	0.342000	0.328378	
739	0.281461	87	0.137931	174	0.442529	1.952690	739	0.281461	0.297000	0.328309	
758	0.291557	85	0.129412	157	0.617834	1.952690	758	0.291557	0.329000	0.328311	
794	0.292191	56	0.303571	150	0.653333	1.952690	794	0.292191	0.347000	0.328351	
774	0.299742	56	0.214286	170	0.370588	1.952690	774	0.299742	0.307000	0.328305	
746	0.276139	81	0.098765	173	0.445087	1.952690	746	0.276139	0.291000	0.328225	
773	0.289780	60	0.266667	167	0.431138	1.952690	773	0.289780	0.312000	0.328190	
745	0.297987	65	0.153846	190	0.578947	1.952690	745	0.297987	0.342000	0.328220	
725	0.252414	109	0.211009	166	0.602410	1.952690	725	0.252414	0.306000	0.328172	
763	0.271298	60	0.200000	177	0.581921	1.952690	763	0.271298	0.322000	0.328159	
728	0.288462	104	0.153846	168	0.571429	1.952690	728	0.288462	0.322000	0.328146	
786	0.241730	75	0.253333	139	0.467626	1.952690	786	0.241730	0.274000	0.328031	
728	0.255495	93	0.161290	179	0.547486	1.952690	728	0.255495	0.299000	0.327970	
776	0.298969	87	0.310345	137	0.649635	1.952690	776	0.298969	0.348000	0.328012	
729	0.282579	127	0.141732	144	0.430556	1.952690	729	0.282579	0.286000	0.327923	
728	0.266484	115	0.069565	157	0.560510	1.952690	728	0.266484	0.290000	0.327844	
713	0.294530	114	0.140351	173	0.612717	1.952690	713	0.294530	0.332000	0.327852	
771	0.312581	83	0.192771	146	0.636986	1.952690	771	0.312581	0.350000	0.327899	
763	0.296199	79	0.177215	158	0.708861	1.952690	763	0.296199	0.352000	0.327949	
764	0.286649	79	0.240506	157	0.643312	1.952690	764	0.286649	0.339000	0.327972	
726	0.239669	125	0.128000	149	0.697987	1.952690	726	0.239669	0.294000	0.327901	
760	0.277632	66	0.196970	174	0.643678	1.952690	760	0.277632	0.336000	0.327918	
740	0.329730	106	0.264151	154	0.681818	1.952690	740	0.329730	0.377000	0.328020	
757	0.290621	109	0.128440	134	0.664179	1.952690	757	0.290621	0.323000	0.328010	
759	0.264822	89	0.146067	152	0.559211	1.952690	759	0.264822	0.299000	0.327950	
738	0.299458	97	0.206186	165	0.581818	1.952690	738	0.299458	0.337000	0.327968	
736	0.266304	100	0.170000	164	0.567073	1.952690	736	0.266304	0.306000	0.327923	
773	0.297542	82	0.182927	145	0.710345	1.952690	773	0.297542	0.348000	0.327964	
725	0.304828	99	0.141414	176	0.664773	1.952690	725	0.304828	0.352000	0.328014	
746	0.298928	105	0.190476	149	0.684564	1.952690	746	0.298928	0.345000	0.328048	
725	0.233103	118	0.110169	157	0.605096	1.952690	725	0.233103	0.277000	0.327944	
722	0.322715	82	0.109756	196	0.663265	1.952690	722	0.322715	0.372000	0.328034	
702	0.287749	115	0.182609	183	0.655738	1.952690	702	0.287749	0.343000	0.328064	
744	0.258065	120	0.141667	136	0.647059	1.952690	744	0.258065	0.297000	0.328001	
745	0.285906	110	0.172727	145	0.682759	1.952690	745	0.285906	0.331000	0.328007	
723	0.280775	117	0.162393	160	0.662500	1.952690	723	0.280775	0.328000	0.328007	
741	0.298246	129	0.162791	130	0.615385	1.952690	741	0.298246	0.322000	0.327995	
728	0.299451	104	0.211538	168	0.666667	1.952690	728	0.299451	0.352000	0.328044	
730	0.310959	111	0.225225	159	0.647799	1.952690	730	0.310959	0.355000	0.328098	
766	0.279373	77	0.233766	157	0.687898	1.952690	766	0.279373	0.340000	0.328122	
737	0.337856	91	0.241758	172	0.627907	1.952690	737	0.337856	0.379000	0.328223	
738	0.264228	99	0.222222	163	0.392638	1.952690	738	0.264228	0.281000	0.328129	
770	0.288312	75	0.226667	155	0.600000	1.952690	770	0.288312	0.332000	0.328137	
724	0.288674	117	0.145299	159	0.679245	1.952690	724	0.288674	0.334000	0.328148	
781	0.326504	59	0.118644	160	0.568750	1.952690	781	0.326504	0.353000	0.328198	
753	0.385126	61	0.278689	186	0.559140	1.952690	753	0.385126	0.411000	0.328362	
763	0.356488	94	0.255319	143	0.608392	1.952690	763	0.356488	0.383000	0.328470	
759	0.345191	88	0.215909	153	0.549020	1.952690	759	0.345191	0.365000	0.328542	
721	0.359223	116	0.198276	163	0.625767	1.952690	721	0.359223	0.384000	0.328651	
752	0.308511	104	0.134615	144	0.659722	1.952690	752	0.308511	0.341000	0.328675	
723	0.369295	84	0.273810	193	0.652850	1.952690	723	0.369295	0.416000	0.328846	
745	0.353020	100	0.180000	155	0.619355	1.952690	745	0.353020	0.377000	0.328941	
777	0.303732	79	0.113924	144	0.638889	1.952690	777	0.303732	0.337000	0.328956	
761	0.303548	97	0.103093	142	0.549296	1.952690	761	0.303548	0.319000	0.328937	
743	0.375505	100	0.200000	157	0.509554	1.952690	743	0.375505	0.379000	0.329034	
736	0.322011	104	0.115385	160	0.562500	1.952690	736	0.322011	0.339000	0.329054	
766	0.331593	88	0.125000	146	0.575342	1.952690	766	0.331593	0.349000	0.329092	
717	0.294282	118	0.220339	165	0.630303	1.952690	717	0.294282	0.341000	0.329115	
737	0.341927	91	0.219780	172	0.639535	1.952690	737	0.341927	0.382000	0.329218	
764	0.316754	96	0.229167	140	0.328571	1.952690	764	0.316754	0.310000	0.329180	
762	0.339895	70	0.200000	168	0.565476	1.952690	762	0.339895	0.368000	0.329255	
757	0.330251	88	0.193182	155	0.451613	1.952690	757	0.330251	0.337000	0.329270	
782	0.329923	77	0.337662	141	0.581560	1.952690	782	0.329923	0.366000	0.329340	
733	0.330150	116	0.112069	151	0.350993	1.952690	733	0.330150	0.308000	0.329300	
756	0.354497	95	0.242105	149	0.469799	1.952690	756	0.354497	0.361000	0.329360	
723	0.294606	117	0.153846	160	0.581250	1.952690	723	0.294606	0.324000	0.329350	
756	0.316138	86	0.174419	158	0.544304	1.952690	756	0.316138	0.340000	0.329370	
751	0.335553	93	0.139785	156	0.544872	1.952690	751	0.335553	0.350000	0.329409	
747	0.350736	89	0.157303	164	0.689024	1.952690	747	0.350736	0.389000	0.329522	
744	0.356183	99	0.161616	157	0.770701	1.952690	744	0.356183	0.402000	0.329659	
775	0.321290	83	0.156627	142	0.422535	1.952690	775	0.321290	0.322000	0.329645	
767	0.293351	85	0.200000	148	0.506757	1.952690	767	0.293351	0.317000	0.329621	
759	0.329381	85	0.247059	156	0.628205	1.952690	759	0.329381	0.369000	0.329695	
753	0.298805	87	0.229885	160	0.650000	1.952690	753	0.298805	0.349000	0.329731	
750	0.304000	68	0.250000	182	0.549451	1.952690	750	0.304000	0.345000	0.329760	
695	0.112230	56	0.196429	249	0.634538	1.952690	695	0.112230	0.247000	0.329605	
720	0.291667	73	0.273973	207	0.560386	1.340340	720	0.291667	0.346000	0.329636	
775	0.427097	73	0.273973	152	0.631579	1.340340	775	0.427097	0.447000	0.329854	
762	0.325459	77	0.168831	161	0.590062	1.476065	762	0.325459	0.356000	0.329903	
755	0.329801	81	0.234568	164	0.573171	1.476065	755	0.329801	0.362000	0.329962	
738	0.392954	92	0.184783	170	0.564706	1.476065	738	0.392954	0.403000	0.330098	
722	0.408587	122	0.131148	156	0.532051	1.476065	722	0.408587	0.394000	0.330216	
746	0.280161	82	0.256098	172	0.000000	2.204535	746	0.280161	0.230000	0.330031	
738	0.247967	114	0.175439	148	0.486486	2.204535	738	0.247967	0.275000	0.329929	
736	0.221467	95	0.105263	169	0.461538	2.204535	736	0.221467	0.251000	0.329784	
729	0.218107	119	0.218487	152	0.578947	2.204535	729	0.218107	0.273000	0.329680	
776	0.222938	64	0.218750	160	0.650000	2.204535	776	0.222938	0.291000	0.329609	
771	0.256809	72	0.250000	157	0.535032	2.204535	771	0.256809	0.300000	0.329555	
753	0.270916	99	0.212121	148	0.655405	2.204535	753	0.270916	0.322000	0.329541	
779	0.274711	61	0.344262	160	0.650000	2.204535	779	0.274711	0.339000	0.329559	
761	0.283837	85	0.200000	154	0.610390	2.204535	761	0.283837	0.327000	0.329554	
741	0.246964	90	0.233333	169	0.662722	2.204535	741	0.246964	0.316000	0.329529	
787	0.274460	71	0.338028	142	0.591549	2.204535	787	0.274460	0.324000	0.329519	
773	0.231565	71	0.211268	156	0.570513	2.204535	773	0.231565	0.283000	0.329435	
765	0.252288	98	0.193878	137	0.576642	2.204535	765	0.252288	0.291000	0.329366	
746	0.272118	94	0.170213	160	0.500000	2.204535	746	0.272118	0.299000	0.329311	
753	0.232404	105	0.152381	142	0.633803	2.204535	753	0.232404	0.281000	0.329224	
721	0.241331	130	0.130769	149	0.604027	2.204535	721	0.241331	0.281000	0.329138	
759	0.226614	89	0.157303	152	0.559211	2.204535	759	0.226614	0.271000	0.329033	
764	0.252618	98	0.173469	138	0.681159	2.204535	764	0.252618	0.304000	0.328989	
723	0.243430	130	0.092308	147	0.687075	2.204535	723	0.243430	0.289000	0.328917	
755	0.249007	104	0.144231	141	0.645390	2.204535	755	0.249007	0.294000	0.328855	
750	0.246667	82	0.158537	168	0.571429	2.204535	750	0.246667	0.294000	0.328793	
741	0.195682	55	0.254545	204	0.534314	2.204535	741	0.195682	0.268000	0.328685	
725	0.244138	94	0.127660	181	0.530387	2.062060	725	0.244138	0.285000	0.328608	
725	0.321379	100	0.270000	175	0.668571	2.062060	725	0.321379	0.377000	0.328693	
766	0.323760	76	0.210526	158	0.506329	2.062060	766	0.323760	0.344000	0.328720	
736	0.294837	106	0.169811	158	0.664557	2.062060	736	0.294837	0.340000	0.328740	
760	0.302632	80	0.187500	160	0.637500	2.062060	760	0.302632	0.347000	0.328772	
733	0.296044	105	0.180952	162	0.561728	2.062060	733	0.296044	0.327000	0.328769	
716	0.279330	121	0.165289	163	0.607362	2.062060	716	0.279330	0.319000	0.328752	
742	0.287062	75	0.306667	183	0.693989	2.062060	742	0.287062	0.363000	0.328812	
737	0.261872	115	0.191304	148	0.608108	2.062060	737	0.261872	0.305000	0.328770	
739	0.253045	101	0.217822	160	0.587500	2.062060	739	0.253045	0.303000	0.328725	
741	0.267206	90	0.244444	169	0.615385	2.062060	741	0.267206	0.324000	0.328717	
737	0.274084	101	0.178218	162	0.444444	2.062060	737	0.274084	0.292000	0.328653	
731	0.272230	78	0.217949	191	0.659686	2.062060	731	0.272230	0.342000	0.328677	
734	0.276567	114	0.122807	152	0.625000	2.062060	734	0.276567	0.312000	0.328648	
744	0.252688	87	0.114943	169	0.656805	2.062060	744	0.252688	0.309000	0.328614	
690	0.250725	114	0.184211	196	0.591837	2.062060	690	0.250725	0.310000	0.328581	
736	0.266304	94	0.138298	170	0.588235	2.062060	736	0.266304	0.309000	0.328548	
713	0.260870	119	0.109244	168	0.583333	2.062060	713	0.260870	0.297000	0.328493	
731	0.280438	85	0.141176	184	0.565217	2.062060	731	0.280438	0.321000	0.328481	
735	0.255782	99	0.141414	166	0.608434	2.062060	735	0.255782	0.303000	0.328437	
734	0.298365	76	0.263158	190	0.615789	2.062060	734	0.298365	0.356000	0.328484	
678	0.302360	127	0.094488	195	0.743590	2.062060	678	0.302360	0.362000	0.328541	
743	0.283984	103	0.126214	154	0.603896	2.062060	743	0.283984	0.317000	0.328522	
739	0.247632	73	0.246575	188	0.627660	2.062060	739	0.247632	0.319000	0.328505	
767	0.277705	90	0.177778	143	0.517483	2.062060	767	0.277705	0.303000	0.328462	
712	0.261236	104	0.153846	184	0.641304	2.062060	712	0.261236	0.320000	0.328448	
740	0.282432	78	0.153846	182	0.620879	2.062060	740	0.282432	0.334000	0.328457	
721	0.255201	118	0.161017	161	0.416149	2.062060	721	0.255201	0.270000	0.328358	
706	0.288952	141	0.191489	153	0.679739	2.062060	706	0.288952	0.335000	0.328369	
753	0.249668	76	0.276316	171	0.619883	2.062060	753	0.249668	0.315000	0.328347	
743	0.267833	115	0.121739	142	0.485915	2.062060	743	0.267833	0.282000	0.328269	
721	0.264910	112	0.133929	167	0.544910	2.062060	721	0.264910	0.297000	0.328216	
719	0.285118	106	0.235849	175	0.422857	2.062060	719	0.285118	0.304000	0.328176	
725	0.271724	106	0.245283	169	0.704142	2.062060	725	0.271724	0.342000	0.328199	
735	0.255782	99	0.191919	166	0.608434	2.062060	735	0.255782	0.308000	0.328165	
749	0.256342	90	0.188889	161	0.720497	2.062060	749	0.256342	0.325000	0.328160	
733	0.259209	78	0.230769	189	0.550265	2.062060	733	0.259209	0.312000	0.328133	
745	0.284564	88	0.215909	167	0.562874	2.062060	745	0.284564	0.325000	0.328128	
728	0.299451	106	0.264151	166	0.626506	2.062060	728	0.299451	0.350000	0.328164	
746	0.272118	99	0.202020	155	0.632258	2.062060	746	0.272118	0.321000	0.328152	
752	0.269947	91	0.241758	157	0.617834	2.062060	752	0.269947	0.322000	0.328142	
715	0.318881	93	0.333333	192	0.713542	2.062060	715	0.318881	0.396000	0.328254	
726	0.258953	112	0.125000	162	0.611111	2.062060	726	0.258953	0.301000	0.328209	
720	0.300000	116	0.172414	164	0.670732	2.062060	720	0.300000	0.346000	0.328238	
750	0.276000	116	0.163793	134	0.589552	2.062060	750	0.276000	0.305000	0.328200	
721	0.324549	128	0.242188	151	0.549669	2.062060	721	0.324549	0.348000	0.328233	
778	0.262211	84	0.250000	138	0.594203	2.062060	778	0.262211	0.307000	0.328198	
760	0.252632	98	0.163265	142	0.612676	2.062060	760	0.252632	0.295000	0.328143	
755	0.256954	65	0.276923	180	0.455556	2.062060	755	0.256954	0.294000	0.328088	
772	0.247409	68	0.176471	160	0.512500	2.062060	772	0.247409	0.285000	0.328017	
743	0.248991	98	0.173469	159	0.459119	2.062060	743	0.248991	0.275000	0.327931	
726	0.297521	109	0.192661	165	0.642424	2.062060	726	0.297521	0.343000	0.327956	
751	0.316911	65	0.246154	184	0.630435	2.062060	751	0.316911	0.370000	0.328024	
733	0.278308	83	0.361446	184	0.570652	2.062060	733	0.278308	0.339000	0.328042	
725	0.241379	126	0.134921	149	0.637584	2.062060	725	0.241379	0.287000	0.327975	
743	0.274563	108	0.157407	149	0.724832	2.062060	743	0.274563	0.329000	0.327977	
759	0.252964	68	0.176471	173	0.543353	2.062060	759	0.252964	0.298000	0.327929	
724	0.288674	104	0.250000	172	0.674419	2.062060	724	0.288674	0.351000	0.327966	
776	0.260309	80	0.150000	144	0.618056	2.062060	776	0.260309	0.303000	0.327926	
749	0.265688	99	0.161616	152	0.651316	2.062060	749	0.265688	0.314000	0.327903	
738	0.285908	113	0.150442	149	0.610738	2.062060	738	0.285908	0.319000	0.327889	
740	0.239189	87	0.229885	173	0.578035	2.062060	740	0.239189	0.297000	0.327839	
766	0.270235	80	0.187500	154	0.759740	2.062060	766	0.270235	0.339000	0.327857	
751	0.249001	86	0.186047	163	0.625767	2.062060	751	0.249001	0.305000	0.327821	
765	0.270588	95	0.231579	140	0.542857	2.062060	765	0.270588	0.305000	0.327785	
793	0.242119	63	0.158730	144	0.569444	2.062060	793	0.242119	0.284000	0.327715	
750	0.256000	73	0.178082	177	0.570621	2.062060	750	0.256000	0.306000	0.327680	
743	0.320323	110	0.127273	147	0.578231	2.062060	743	0.320323	0.337000	0.327695	
730	0.264384	102	0.205882	168	0.589286	2.062060	730	0.264384	0.313000	0.327672	
725	0.223448	115	0.130435	160	0.556250	2.062060	725	0.223448	0.266000	0.327575	
755	0.263576	78	0.269231	167	0.718563	2.062060	755	0.263576	0.340000	0.327594	
720	0.293056	97	0.206186	183	0.704918	2.062060	720	0.293056	0.360000	0.327645	
728	0.280220	92	0.173913	180	0.700000	2.062060	728	0.280220	0.346000	0.327674	
758	0.278364	78	0.243590	164	0.530488	2.062060	758	0.278364	0.317000	0.327657	
725	0.275862	106	0.207547	169	0.656805	2.062060	725	0.275862	0.333000	0.327666	
719	0.272601	121	0.140496	160	0.593750	2.062060	719	0.272601	0.308000	0.327635	
752	0.307181	67	0.268657	181	0.618785	2.062060	752	0.307181	0.361000	0.327687	
771	0.287938	47	0.382979	182	0.653846	2.062060	771	0.287938	0.359000	0.327736	
730	0.279452	120	0.141667	150	0.573333	2.062060	730	0.279452	0.307000	0.327704	
756	0.224868	117	0.170940	127	0.692913	2.062060	756	0.224868	0.278000	0.327626	
714	0.211485	102	0.196078	184	0.646739	2.062060	714	0.211485	0.290000	0.327568	
770	0.279221	80	0.200000	150	0.633333	2.062060	770	0.279221	0.326000	0.327565	
739	0.288227	105	0.180952	156	0.679487	2.062060	739	0.288227	0.338000	0.327582	
756	0.306878	84	0.166667	160	0.593750	2.062060	756	0.306878	0.341000	0.327602	
725	0.268966	128	0.085938	147	0.571429	2.062060	725	0.268966	0.290000	0.327544	
743	0.283984	78	0.166667	179	0.553073	2.062060	743	0.283984	0.323000	0.327537	
774	0.241602	59	0.254237	167	0.562874	2.062060	774	0.241602	0.296000	0.327489	
712	0.255618	144	0.208333	144	0.368056	2.062060	712	0.255618	0.265000	0.327393	
758	0.277045	71	0.211268	171	0.526316	2.062060	758	0.277045	0.315000	0.327374	
766	0.242820	90	0.188889	144	0.250000	2.062060	766	0.242820	0.239000	0.327238	
749	0.209613	96	0.270833	155	0.000000	2.062060	749	0.209613	0.183000	0.327018	
729	0.233196	114	0.149123	157	0.210191	2.062060	729	0.233196	0.220000	0.326854	
763	0.238532	95	0.178947	142	0.605634	2.062060	763	0.238532	0.285000	0.326791	
724	0.261050	116	0.206897	160	0.450000	2.062060	724	0.261050	0.285000	0.326727	
738	0.268293	104	0.105769	158	0.500000	2.062060	738	0.268293	0.288000	0.326668	
737	0.237449	107	0.233645	156	0.538462	2.062060	737	0.237449	0.284000	0.326603	
747	0.274431	64	0.265625	189	0.439153	2.062060	747	0.274431	0.305000	0.326571	
698	0.246418	108	0.175926	194	0.536082	2.062060	698	0.246418	0.295000	0.326523	
709	0.256700	113	0.194690	178	0.646067	2.062060	709	0.256700	0.319000	0.326512	
744	0.247312	88	0.238636	168	0.654762	2.062060	744	0.247312	0.315000	0.326494	
736	0.263587	99	0.222222	165	0.648485	2.062060	736	0.263587	0.323000	0.326489	
733	0.271487	111	0.171171	156	0.679487	2.062060	733	0.271487	0.324000	0.326485	
703	0.267425	129	0.124031	168	0.571429	2.062060	703	0.267425	0.300000	0.326445	
714	0.256303	97	0.216495	189	0.640212	2.062060	714	0.256303	0.325000	0.326443	
753	0.247012	70	0.257143	177	0.598870	2.062060	753	0.247012	0.310000	0.326419	
747	0.247657	85	0.152941	168	0.583333	2.062060	747	0.247657	0.296000	0.326373	
686	0.225948	83	0.240964	231	0.558442	2.062060	686	0.225948	0.304000	0.326340	
760	0.251316	71	0.225352	169	0.668639	2.062060	760	0.251316	0.320000	0.326330	
779	0.319641	68	0.264706	153	0.627451	2.062060	779	0.319641	0.363000	0.326385	
800	0.292500	50	0.300000	150	0.593333	2.062060	800	0.292500	0.338000	0.326402	
734	0.267030	80	0.200000	186	0.483871	2.062060	734	0.267030	0.302000	0.326366	
749	0.313752	85	0.152941	166	0.415663	2.062060	749	0.313752	0.317000	0.326352	
724	0.280387	114	0.192982	162	0.574074	2.062060	724	0.280387	0.318000	0.326340	
710	0.254930	111	0.297297	179	0.581006	2.062060	710	0.254930	0.318000	0.326327	
751	0.288948	86	0.232558	163	0.680982	2.062060	751	0.288948	0.348000	0.326359	
768	0.316406	90	0.144444	142	0.612676	2.062060	768	0.316406	0.343000	0.326384	
768	0.283854	68	0.235294	164	0.585366	2.062060	768	0.283854	0.330000	0.326389	
756	0.298942	101	0.207921	143	0.538462	2.062060	756	0.298942	0.324000	0.326386	
731	0.302326	101	0.247525	168	0.755952	2.062060	731	0.302326	0.373000	0.326454	
759	0.320158	103	0.203883	138	0.702899	2.062060	759	0.320158	0.361000	0.326505	
789	0.342205	76	0.131579	135	0.644444	2.062060	789	0.342205	0.367000	0.326564	
748	0.328877	90	0.233333	162	0.641975	2.062060	748	0.328877	0.371000	0.326629	
765	0.300654	84	0.273810	151	0.668874	2.062060	765	0.300654	0.354000	0.326669	
765	0.288889	74	0.175676	161	0.689441	2.062060	765	0.288889	0.345000	0.326695	
738	0.299458	97	0.268041	165	0.569697	2.062060	738	0.299458	0.341000	0.326716	
758	0.299472	92	0.152174	150	0.626667	2.062060	758	0.299472	0.335000	0.326728	
743	0.325707	95	0.136842	162	0.611111	2.062060	743	0.325707	0.354000	0.326768	
727	0.247593	120	0.225000	153	0.601307	2.062060	727	0.247593	0.299000	0.326727	
750	0.292000	85	0.188235	165	0.563636	2.062060	750	0.292000	0.328000	0.326729	
755	0.368212	99	0.161616	146	0.561644	2.062060	755	0.368212	0.376000	0.326800	
758	0.273087	98	0.255102	144	0.583333	2.062060	758	0.273087	0.316000	0.326785	
781	0.262484	67	0.238806	152	0.592105	2.062060	781	0.262484	0.311000	0.326762	
753	0.305445	88	0.318182	159	0.610063	2.062060	753	0.305445	0.355000	0.326803	
741	0.296896	119	0.151261	140	0.578571	2.062060	741	0.296896	0.319000	0.326791	
741	0.344130	88	0.147727	171	0.614035	2.062060	741	0.344130	0.373000	0.326858	
748	0.312834	101	0.227723	151	0.609272	2.062060	748	0.312834	0.349000	0.326889	
741	0.306343	112	0.196429	147	0.687075	2.062060	741	0.306343	0.350000	0.326922	
771	0.284047	85	0.211765	144	0.513889	2.062060	771	0.284047	0.311000	0.326900	
762	0.320210	75	0.240000	163	0.490798	2.062060	762	0.320210	0.342000	0.326921	
750	0.316000	106	0.245283	144	0.562500	2.062060	750	0.316000	0.344000	0.326945	
752	0.331117	68	0.294118	180	0.577778	2.062060	752	0.331117	0.373000	0.327011	
747	0.281124	92	0.217391	161	0.490683	2.062060	747	0.281124	0.309000	0.326985	
788	0.315990	62	0.274194	150	0.500000	2.062060	788	0.315990	0.341000	0.327005	
721	0.284327	119	0.193277	160	0.631250	2.062060	721	0.284327	0.329000	0.327008	
739	0.296346	101	0.138614	160	0.631250	2.062060	739	0.296346	0.334000	0.327018	
738	0.334688	119	0.159664	143	0.622378	2.062060	738	0.334688	0.355000	0.327057	
771	0.333333	100	0.190000	129	0.612403	2.062060	771	0.333333	0.355000	0.327097	
737	0.299864	104	0.125000	159	0.572327	2.062060	737	0.299864	0.325000	0.327094	
744	0.284946	95	0.136842	161	0.416149	2.062060	744	0.284946	0.292000	0.327044	
753	0.300133	82	0.146341	165	0.539394	2.062060	753	0.300133	0.327000	0.327044	
769	0.279584	77	0.246753	154	0.590909	2.062060	769	0.279584	0.325000	0.327042	
752	0.296543	78	0.294872	170	0.652941	2.062060	752	0.296543	0.357000	0.327083	
759	0.301713	75	0.213333	166	0.596386	2.062060	759	0.301713	0.344000	0.327107	
749	0.307076	71	0.253521	180	0.694444	2.062060	749	0.307076	0.373000	0.327171	
750	0.348000	93	0.193548	157	0.579618	2.062060	750	0.348000	0.370000	0.327231	
773	0.287193	74	0.310811	153	0.535948	2.062060	773	0.287193	0.327000	0.327230	
763	0.306684	81	0.111111	156	0.557692	2.062060	763	0.306684	0.330000	0.327234	
744	0.305108	96	0.260417	160	0.562500	2.062060	744	0.305108	0.342000	0.327255	
719	0.307371	100	0.180000	181	0.535912	2.062060	719	0.307371	0.336000	0.327267	
771	0.311284	66	0.227273	163	0.662577	2.062060	771	0.311284	0.363000	0.327316	
767	0.307692	91	0.098901	142	0.471831	2.062060	767	0.307692	0.312000	0.327295	
724	0.277624	111	0.135135	165	0.575758	2.062060	724	0.277624	0.311000	0.327273	
743	0.310902	75	0.240000	182	0.664835	2.062060	743	0.310902	0.370000	0.327332	
763	0.322412	89	0.134831	148	0.675676	2.062060	763	0.322412	0.358000	0.327374	
787	0.322745	73	0.205479	140	0.592857	2.062060	787	0.322745	0.352000	0.327408	
765	0.308497	81	0.246914	154	0.610390	2.062060	765	0.308497	0.350000	0.327439	
767	0.314211	88	0.306818	145	0.737931	2.062060	767	0.314211	0.375000	0.327504	
732	0.185792	78	0.064103	190	0.542105	2.062060	732	0.185792	0.244000	0.327389	
694	0.292507	95	0.200000	211	0.473934	1.841570	694	0.292507	0.322000	0.327382	
716	0.279330	109	0.119266	175	0.577143	1.841570	716	0.279330	0.314000	0.327364	
709	0.324401	120	0.141667	171	0.549708	1.841570	709	0.324401	0.341000	0.327382	
724	0.309392	128	0.148438	148	0.668919	1.841570	724	0.309392	0.342000	0.327402	
762	0.311024	74	0.216216	164	0.597561	1.841570	762	0.311024	0.351000	0.327434	
738	0.313008	114	0.201754	148	0.567568	1.841570	738	0.313008	0.338000	0.327449	
777	0.332046	81	0.222222	142	0.739437	1.841570	777	0.332046	0.381000	0.327521	
732	0.310109	93	0.118280	175	0.548571	1.841570	732	0.310109	0.334000	0.327530	
769	0.274382	81	0.271605	150	0.526667	1.841570	769	0.274382	0.312000	0.327509	
758	0.304749	68	0.191176	174	0.609195	1.841570	758	0.304749	0.350000	0.327539	
745	0.330201	102	0.186275	153	0.666667	1.841570	745	0.330201	0.367000	0.327593	
726	0.348485	109	0.137615	165	0.660606	1.841570	726	0.348485	0.377000	0.327659	
760	0.293421	74	0.202703	166	0.644578	1.841570	760	0.293421	0.345000	0.327682	
763	0.334207	82	0.195122	155	0.619355	1.841570	763	0.334207	0.367000	0.327735	
771	0.322957	80	0.250000	149	0.624161	1.841570	771	0.322957	0.362000	0.327781	
740	0.309459	102	0.176471	158	0.556962	1.841570	740	0.309459	0.335000	0.327791	
758	0.335092	85	0.211765	157	0.668790	1.841570	758	0.335092	0.377000	0.327857	
741	0.300945	63	0.158730	196	0.566327	1.841570	741	0.300945	0.344000	0.327878	
743	0.351279	98	0.234694	159	0.641509	1.841570	743	0.351279	0.386000	0.327956	
762	0.350394	105	0.247619	133	0.736842	1.841570	762	0.350394	0.391000	0.328040	
746	0.364611	72	0.277778	182	0.571429	1.841570	746	0.364611	0.396000	0.328130	
765	0.397386	73	0.191781	162	0.574074	1.841570	765	0.397386	0.411000	0.328240	
763	0.342071	94	0.191489	143	0.587413	1.841570	763	0.342071	0.363000	0.328286	
757	0.379128	89	0.134831	154	0.642857	1.841570	757	0.379128	0.398000	0.328378	
742	0.347709	97	0.268041	161	0.677019	1.841570	742	0.347709	0.393000	0.328464	
764	0.349476	82	0.256098	154	0.597403	1.841570	764	0.349476	0.380000	0.328532	
784	0.344388	83	0.228916	133	0.691729	1.841570	784	0.344388	0.381000	0.328601	
770	0.305195	85	0.129412	145	0.496552	1.841570	770	0.305195	0.318000	0.328587	
746	0.336461	81	0.160494	173	0.508671	1.841570	746	0.336461	0.352000	0.328618	
761	0.293035	83	0.132530	156	0.557692	1.841570	761	0.293035	0.321000	0.328608	
765	0.316340	95	0.189474	140	0.614286	1.841570	765	0.316340	0.346000	0.328631	
737	0.335142	102	0.156863	161	0.372671	1.841570	737	0.335142	0.323000	0.328623	
723	0.330567	102	0.264706	175	0.588571	1.841570	723	0.330567	0.369000	0.328676	
742	0.254717	104	0.144231	154	0.000000	1.841570	742	0.254717	0.204000	0.328513	
703	0.264580	117	0.230769	180	0.472222	1.841570	703	0.264580	0.298000	0.328473	
730	0.302740	101	0.227723	169	0.615385	1.841570	730	0.302740	0.348000	0.328499	
752	0.285904	96	0.166667	152	0.539474	1.841570	752	0.285904	0.313000	0.328479	
725	0.313103	116	0.241379	159	0.484277	1.841570	725	0.313103	0.332000	0.328483	
720	0.356944	112	0.241071	168	0.630952	1.841570	720	0.356944	0.390000	0.328563	
766	0.322454	105	0.133333	129	0.627907	1.841570	766	0.322454	0.342000	0.328581	
724	0.342541	99	0.171717	177	0.661017	1.841570	724	0.342541	0.382000	0.328650	
714	0.302521	117	0.196581	169	0.668639	1.841570	714	0.302521	0.352000	0.328680	
747	0.298527	111	0.144144	142	0.661972	1.841570	747	0.298527	0.333000	0.328686	
748	0.291444	93	0.150538	159	0.647799	1.841570	748	0.291444	0.335000	0.328694	
751	0.290280	94	0.212766	155	0.716129	1.841570	751	0.290280	0.349000	0.328720	
719	0.315716	109	0.256881	172	0.645349	1.841570	719	0.315716	0.366000	0.328768	
755	0.325828	90	0.233333	155	0.612903	1.841570	755	0.325828	0.362000	0.328811	
718	0.303621	134	0.171642	148	0.635135	1.841570	718	0.303621	0.335000	0.328819	
721	0.307906	111	0.207207	168	0.654762	1.841570	721	0.307906	0.355000	0.328852	
728	0.291209	131	0.129771	141	0.780142	1.841570	728	0.291209	0.339000	0.328865	
743	0.306864	89	0.235955	168	0.607143	1.841570	743	0.306864	0.351000	0.328893	
736	0.288043	115	0.113043	149	0.684564	1.841570	736	0.288043	0.327000	0.328891	
746	0.308311	84	0.214286	170	0.605882	1.841570	746	0.308311	0.351000	0.328919	
739	0.322057	98	0.193878	163	0.533742	1.841570	739	0.322057	0.344000	0.328938	
737	0.290366	106	0.179245	157	0.726115	1.841570	737	0.290366	0.347000	0.328961	
766	0.327676	76	0.210526	158	0.658228	1.841570	766	0.327676	0.371000	0.329015	
739	0.313938	101	0.247525	160	0.600000	1.841570	739	0.313938	0.353000	0.329045	
773	0.294955	67	0.298507	160	0.600000	1.841570	773	0.294955	0.344000	0.329064	
749	0.337784	106	0.235849	145	0.620690	1.841570	749	0.337784	0.368000	0.329114	
746	0.327078	96	0.250000	158	0.544304	1.841570	746	0.327078	0.354000	0.329145	
747	0.306560	89	0.179775	164	0.573171	1.841570	747	0.306560	0.339000	0.329157	
725	0.282759	115	0.130435	160	0.568750	1.841570	725	0.282759	0.311000	0.329135	
746	0.277480	94	0.159574	160	0.618750	1.841570	746	0.277480	0.321000	0.329124	
721	0.328710	107	0.112150	172	0.534884	1.841570	721	0.328710	0.341000	0.329139	
708	0.255650	132	0.151515	160	0.450000	1.841570	708	0.255650	0.273000	0.329069	
722	0.289474	99	0.171717	179	0.581006	1.841570	722	0.289474	0.330000	0.329070	
750	0.274667	99	0.171717	151	0.695364	1.841570	750	0.274667	0.328000	0.329069	
733	0.300136	122	0.155738	145	0.668966	1.841570	733	0.300136	0.336000	0.329077	
749	0.295060	70	0.200000	181	0.690608	1.841570	749	0.295060	0.360000	0.329116	
745	0.308725	89	0.213483	166	0.698795	1.841570	745	0.308725	0.365000	0.329161	
735	0.299320	118	0.093220	147	0.619048	1.841570	735	0.299320	0.322000	0.329152	
713	0.318373	94	0.202128	193	0.606218	1.841570	713	0.318373	0.363000	0.329194	
758	0.361478	83	0.168675	159	0.572327	1.841570	758	0.361478	0.379000	0.329256	
748	0.339572	83	0.180723	169	0.556213	1.841570	748	0.339572	0.363000	0.329298	
744	0.327957	100	0.130000	156	0.602564	1.841570	744	0.327957	0.351000	0.329325	
756	0.355820	82	0.231707	162	0.617284	1.841570	756	0.355820	0.388000	0.329397	
750	0.349333	66	0.166667	184	0.543478	1.841570	750	0.349333	0.373000	0.329451	
741	0.334683	111	0.153153	148	0.635135	1.841570	741	0.334683	0.359000	0.329488	
749	0.355140	99	0.262626	152	0.671053	1.841570	749	0.355140	0.394000	0.329567	
738	0.331978	99	0.222222	163	0.644172	1.841570	738	0.331978	0.372000	0.329620	
740	0.324324	105	0.209524	155	0.658065	1.841570	740	0.324324	0.364000	0.329662	
756	0.346561	93	0.247312	151	0.483444	1.841570	756	0.346561	0.358000	0.329697	
768	0.324219	94	0.255319	138	0.601449	1.841570	768	0.324219	0.356000	0.329729	
775	0.370323	87	0.264368	138	0.681159	1.841570	775	0.370323	0.404000	0.329820	
761	0.339028	92	0.195652	147	0.659864	1.841570	761	0.339028	0.373000	0.329873	
749	0.351135	97	0.247423	154	0.623377	1.841570	749	0.351135	0.383000	0.329938	
754	0.332891	92	0.173913	154	0.584416	1.841570	754	0.332891	0.357000	0.329971	
767	0.289439	78	0.230769	155	0.593548	1.841570	767	0.289439	0.332000	0.329974	
754	0.368700	104	0.230769	142	0.577465	1.841570	754	0.368700	0.384000	0.330040	
727	0.352132	61	0.262295	212	0.698113	1.841570	727	0.352132	0.420000	0.330149	
752	0.341755	81	0.160494	167	0.568862	1.841570	752	0.341755	0.365000	0.330192	
771	0.351492	69	0.217391	160	0.637500	1.841570	771	0.351492	0.388000	0.330262	
753	0.358566	75	0.186667	172	0.674419	1.841570	753	0.358566	0.400000	0.330347	
763	0.332896	79	0.164557	158	0.531646	1.841570	763	0.332896	0.351000	0.330372	
765	0.368627	74	0.108108	161	0.621118	1.841570	765	0.368627	0.390000	0.330444	
777	0.329472	67	0.283582	156	0.653846	1.841570	777	0.329472	0.377000	0.330500	
723	0.319502	94	0.117021	183	0.650273	1.841570	723	0.319502	0.361000	0.330537	
719	0.299026	88	0.227273	193	0.492228	1.841570	719	0.299026	0.330000	0.330536	
666	0.223724	123	0.154472	211	0.587678	1.841570	666	0.223724	0.292000	0.330490	
702	0.249288	103	0.242718	195	0.558974	1.841570	702	0.249288	0.309000	0.330464	
735	0.345578	105	0.285714	160	0.575000	1.841570	735	0.345578	0.376000	0.330519	
740	0.375676	98	0.285714	162	0.617284	1.841570	740	0.375676	0.406000	0.330609	
734	0.382834	102	0.215686	164	0.670732	1.841570	734	0.382834	0.413000	0.330708	
682	0.312317	82	0.146341	236	0.597458	1.841570	682	0.312317	0.366000	0.330751	
757	0.361955	77	0.259740	166	0.590361	1.841570	757	0.361955	0.392000	0.330824	
748	0.344920	97	0.195876	155	0.683871	1.841570	748	0.344920	0.383000	0.330886	
750	0.324000	85	0.200000	165	0.539394	1.841570	750	0.324000	0.349000	0.330908	
734	0.331063	107	0.196262	159	0.559748	1.841570	734	0.331063	0.353000	0.330934	
739	0.342355	115	0.330435	146	0.650685	1.841570	739	0.342355	0.386000	0.331000	
753	0.312085	97	0.288660	150	0.660000	1.841570	753	0.312085	0.362000	0.331036	
762	0.370079	80	0.225000	158	0.658228	1.841570	762	0.370079	0.404000	0.331123	
750	0.357333	73	0.260274	177	0.627119	1.841570	750	0.357333	0.398000	0.331202	
754	0.364721	79	0.253165	167	0.628743	1.841570	754	0.364721	0.400000	0.331284	
743	0.347241	99	0.080808	158	0.620253	1.841570	743	0.347241	0.364000	0.331323	
757	0.347424	85	0.164706	158	0.702532	1.841570	757	0.347424	0.388000	0.331390	
724	0.352210	78	0.179487	198	0.575758	1.841570	724	0.352210	0.383000	0.331451	
762	0.333333	96	0.166667	142	0.669014	1.841570	762	0.333333	0.365000	0.331490	
743	0.379542	109	0.183486	148	0.574324	1.841570	743	0.379542	0.387000	0.331556	
735	0.372789	99	0.222222	166	0.644578	1.841570	735	0.372789	0.403000	0.331640	
740	0.340541	100	0.170000	160	0.606250	1.841570	740	0.340541	0.366000	0.331680	
756	0.363757	91	0.142857	153	0.555556	1.841570	756	0.363757	0.373000	0.331728	
770	0.305195	85	0.105882	145	0.531034	1.841570	770	0.305195	0.321000	0.331716	
770	0.346753	77	0.194805	153	0.535948	1.841570	770	0.346753	0.364000	0.331754	
742	0.324798	96	0.197917	162	0.574074	1.841570	742	0.324798	0.353000	0.331779	
778	0.352185	68	0.338235	154	0.538961	1.841570	778	0.352185	0.380000	0.331835	
745	0.316779	111	0.261261	144	0.451389	1.841570	745	0.316779	0.330000	0.331833	
735	0.318367	108	0.157407	157	0.547771	1.841570	735	0.318367	0.337000	0.331839	
754	0.332891	94	0.223404	152	0.407895	1.841570	754	0.332891	0.334000	0.331841	
763	0.378768	82	0.243902	155	0.554839	1.841570	763	0.378768	0.395000	0.331915	
760	0.352632	78	0.282051	162	0.586420	1.841570	760	0.352632	0.385000	0.331976	
772	0.316062	94	0.223404	134	0.589552	1.841570	772	0.316062	0.344000	0.331990	
756	0.301587	86	0.116279	158	0.563291	1.841570	756	0.301587	0.327000	0.331985	
754	0.354111	97	0.175258	149	0.550336	1.841570	754	0.354111	0.366000	0.332024	
764	0.320681	66	0.212121	170	0.600000	1.841570	764	0.320681	0.361000	0.332057	
767	0.346806	80	0.150000	153	0.660131	1.841570	767	0.346806	0.379000	0.332112	
773	0.350582	84	0.178571	143	0.636364	1.841570	773	0.350582	0.377000	0.332163	
762	0.349081	78	0.243590	160	0.525000	1.841570	762	0.349081	0.369000	0.332206	
755	0.352318	79	0.189873	166	0.614458	1.841570	755	0.352318	0.383000	0.332264	
737	0.366350	92	0.217391	171	0.649123	1.841570	737	0.366350	0.401000	0.332343	
742	0.330189	99	0.232323	159	0.660377	1.841570	742	0.330189	0.373000	0.332390	
758	0.313984	73	0.178082	169	0.603550	1.841570	758	0.313984	0.353000	0.332414	
764	0.307592	89	0.179775	147	0.687075	1.841570	764	0.307592	0.352000	0.332436	
736	0.332880	103	0.233010	161	0.602484	1.841570	736	0.332880	0.366000	0.332474	
738	0.325203	69	0.173913	193	0.575130	1.841570	738	0.325203	0.363000	0.332509	
763	0.355177	100	0.220000	137	0.605839	1.841570	763	0.355177	0.376000	0.332559	
750	0.336000	88	0.193182	162	0.697531	1.841570	750	0.336000	0.382000	0.332615	
744	0.333333	107	0.149533	149	0.657718	1.841570	744	0.333333	0.362000	0.332649	
735	0.340136	100	0.190000	165	0.606061	1.841570	735	0.340136	0.369000	0.332690	
760	0.380263	104	0.173077	136	0.639706	1.841570	760	0.380263	0.394000	0.332760	
753	0.341301	95	0.136842	152	0.598684	1.841570	753	0.341301	0.361000	0.332792	
766	0.378590	88	0.136364	146	0.595890	1.841570	766	0.378590	0.389000	0.332856	
767	0.335072	81	0.172840	152	0.368421	1.841570	767	0.335072	0.327000	0.332849	
737	0.313433	93	0.172043	170	0.594118	1.841570	737	0.313433	0.348000	0.332866	
790	0.263291	81	0.049383	129	0.496124	1.841570	790	0.263291	0.276000	0.332802	
752	0.304521	90	0.133333	158	0.620253	1.841570	752	0.304521	0.339000	0.332809	
771	0.345006	73	0.150685	156	0.692308	1.841570	771	0.345006	0.385000	0.332868	
761	0.362681	76	0.171053	163	0.582822	1.841570	761	0.362681	0.384000	0.332925	
768	0.356771	78	0.294872	154	0.720779	1.841570	768	0.356771	0.408000	0.333010	
761	0.378449	79	0.227848	160	0.581250	1.841570	761	0.378449	0.399000	0.333084	
767	0.338983	80	0.225000	153	0.457516	1.841570	767	0.338983	0.348000	0.333101	
769	0.319896	108	0.175926	123	0.601626	1.841570	769	0.319896	0.339000	0.333107	
746	0.323056	94	0.223404	160	0.525000	1.841570	746	0.323056	0.346000	0.333122	
738	0.359079	105	0.133333	157	0.541401	1.841570	738	0.359079	0.364000	0.333156	
762	0.363517	91	0.098901	147	0.755102	1.841570	762	0.363517	0.397000	0.333228	
763	0.317169	79	0.164557	158	0.601266	1.841570	763	0.317169	0.350000	0.333246	
761	0.311432	111	0.171171	128	0.468750	1.841570	761	0.311432	0.316000	0.333227	
756	0.345238	84	0.202381	160	0.562500	1.841570	756	0.345238	0.368000	0.333266	
755	0.336424	77	0.168831	168	0.541667	1.841570	755	0.336424	0.358000	0.333293	
762	0.366142	87	0.172414	151	0.569536	1.841570	762	0.366142	0.380000	0.333345	
747	0.334672	95	0.136842	158	0.556962	1.841570	747	0.334672	0.351000	0.333365	
753	0.355910	70	0.200000	177	0.649718	1.841570	753	0.355910	0.397000	0.333435	
775	0.361290	69	0.202899	156	0.564103	1.841570	775	0.361290	0.382000	0.333489	
743	0.337820	73	0.191781	184	0.641304	1.841570	743	0.337820	0.383000	0.333544	
766	0.360313	73	0.191781	161	0.645963	1.841570	766	0.360313	0.394000	0.333611	
752	0.336436	86	0.174419	162	0.574074	1.841570	752	0.336436	0.361000	0.333641	
785	0.337580	77	0.272727	138	0.652174	1.841570	785	0.337580	0.376000	0.333688	
776	0.349227	100	0.310000	124	0.693548	1.841570	776	0.349227	0.388000	0.333747	
773	0.340233	75	0.106667	152	0.723684	1.841570	773	0.340233	0.381000	0.333799	
754	0.328912	87	0.137931	159	0.729560	1.841570	754	0.328912	0.376000	0.333846	
762	0.322835	84	0.095238	154	0.623377	1.841570	762	0.322835	0.350000	0.333864	
736	0.369565	94	0.234043	170	0.552941	1.841570	736	0.369565	0.388000	0.333923	
780	0.341026	71	0.126761	149	0.664430	1.841570	780	0.341026	0.374000	0.333967	
713	0.330996	96	0.187500	191	0.575916	1.841570	713	0.330996	0.364000	0.334000	
774	0.355297	91	0.230769	135	0.651852	1.841570	774	0.355297	0.384000	0.334054	
764	0.325916	68	0.235294	168	0.660714	1.841570	764	0.325916	0.376000	0.334100	
770	0.320779	80	0.150000	150	0.646667	1.841570	770	0.320779	0.356000	0.334124	
780	0.321795	61	0.180328	159	0.603774	1.841570	780	0.321795	0.358000	0.334150	
752	0.320479	80	0.225000	168	0.613095	1.841570	752	0.320479	0.362000	0.334180	
720	0.301389	130	0.176923	150	0.606667	1.841570	720	0.301389	0.331000	0.334177	
753	0.358566	94	0.191489	153	0.562092	1.841570	753	0.358566	0.374000	0.334220	
760	0.361842	71	0.183099	169	0.585799	1.841570	760	0.361842	0.387000	0.334277	
748	0.324866	92	0.163043	160	0.600000	1.841570	748	0.324866	0.354000	0.334299	
755	0.308609	80	0.187500	165	0.618182	1.841570	755	0.308609	0.350000	0.334316	
753	0.318725	94	0.170213	153	0.653595	1.841570	753	0.318725	0.356000	0.334339	
720	0.280556	94	0.180851	186	0.569892	1.841570	720	0.280556	0.325000	0.334329	
783	0.315453	70	0.214286	147	0.673469	1.841570	783	0.315453	0.361000	0.334358	
747	0.337349	87	0.218391	166	0.560241	1.841570	747	0.337349	0.364000	0.334390	
739	0.265223	124	0.137097	137	0.394161	1.841570	739	0.265223	0.267000	0.334317	
764	0.298429	88	0.250000	148	0.506757	1.841570	764	0.298429	0.325000	0.334307	
766	0.338120	77	0.142857	157	0.649682	1.841570	766	0.338120	0.372000	0.334348	
766	0.327676	74	0.283784	160	0.618750	1.841570	766	0.327676	0.371000	0.334387	
740	0.351351	111	0.198198	149	0.570470	1.841570	740	0.351351	0.367000	0.334422	
780	0.369231	70	0.228571	150	0.626667	1.841570	780	0.369231	0.398000	0.334490	
748	0.354278	111	0.216216	141	0.517730	1.841570	748	0.354278	0.362000	0.334519	
754	0.343501	82	0.268293	164	0.609756	1.841570	754	0.343501	0.381000	0.334569	
780	0.333333	76	0.065789	144	0.569444	1.841570	780	0.333333	0.347000	0.334582	
748	0.328877	96	0.187500	156	0.564103	1.841570	748	0.328877	0.352000	0.334601	
759	0.378129	82	0.219512	159	0.566038	1.841570	759	0.378129	0.395000	0.334665	
768	0.329427	86	0.232558	146	0.602740	1.841570	768	0.329427	0.361000	0.334693	
735	0.367347	74	0.216216	191	0.565445	1.841570	735	0.367347	0.394000	0.334756	
779	0.319641	79	0.177215	142	0.676056	1.841570	779	0.319641	0.359000	0.334782	
762	0.325459	80	0.200000	158	0.626582	1.841570	762	0.325459	0.363000	0.334812	
744	0.327957	68	0.250000	188	0.595745	1.841570	744	0.327957	0.373000	0.334852	
786	0.311705	63	0.158730	151	0.536424	1.841570	786	0.311705	0.336000	0.334854	
699	0.307582	118	0.186441	183	0.475410	1.841570	699	0.307582	0.324000	0.334842	
765	0.329412	85	0.258824	150	0.546667	1.841570	765	0.329412	0.356000	0.334864	
706	0.288952	84	0.166667	210	0.580952	1.841570	706	0.288952	0.340000	0.334870	
660	0.271212	64	0.156250	276	0.597826	1.841570	660	0.271212	0.354000	0.334890	
733	0.267394	68	0.250000	199	0.618090	1.841570	733	0.267394	0.336000	0.334891	
752	0.285904	68	0.205882	180	0.650000	1.841570	752	0.285904	0.346000	0.334903	
770	0.311688	84	0.226190	146	0.589041	1.841570	770	0.311688	0.345000	0.334914	
731	0.341997	86	0.197674	183	0.590164	1.841570	731	0.341997	0.375000	0.334956	
690	0.295652	82	0.329268	228	0.618421	1.841570	690	0.295652	0.372000	0.334994	
755	0.263576	103	0.223301	142	0.690141	1.841570	755	0.263576	0.320000	0.334979	
732	0.322404	123	0.130081	145	0.496552	1.841570	732	0.322404	0.324000	0.334967	
753	0.343958	84	0.166667	163	0.588957	1.841570	753	0.343958	0.369000	0.335003	
730	0.272603	104	0.115385	166	0.554217	1.841570	730	0.272603	0.303000	0.334969	
758	0.336412	90	0.155556	152	0.276316	1.841570	758	0.336412	0.311000	0.334944	
748	0.308824	72	0.319444	180	0.616667	1.841570	748	0.308824	0.365000	0.334976	
752	0.312500	89	0.191011	159	0.591195	1.841570	752	0.312500	0.346000	0.334987	
762	0.325459	87	0.252874	151	0.649007	1.841570	762	0.325459	0.368000	0.335021	
752	0.309840	97	0.164948	151	0.582781	1.841570	752	0.309840	0.337000	0.335024	
732	0.338798	102	0.205882	166	0.572289	1.841570	732	0.338798	0.364000	0.335054	
741	0.318489	105	0.161905	154	0.545455	1.841570	741	0.318489	0.337000	0.335056	
744	0.306452	93	0.236559	163	0.441718	1.841570	744	0.306452	0.322000	0.335042	
736	0.319293	107	0.093458	157	0.554140	1.841570	736	0.319293	0.332000	0.335039	
767	0.288136	103	0.233010	130	0.707692	1.841570	767	0.288136	0.337000	0.335041	
766	0.319843	82	0.268293	152	0.605263	1.841570	766	0.319843	0.359000	0.335066	
774	0.311370	90	0.222222	136	0.691176	1.841570	774	0.311370	0.355000	0.335086	
741	0.287449	88	0.204545	171	0.532164	1.841570	741	0.287449	0.322000	0.335073	
722	0.275623	116	0.155172	162	0.629630	1.841570	722	0.275623	0.319000	0.335056	
711	0.279887	116	0.137931	173	0.595376	1.841570	711	0.279887	0.318000	0.335039	
756	0.280423	99	0.151515	145	0.765517	1.841570	756	0.280423	0.338000	0.335042	
762	0.335958	95	0.147368	143	0.580420	1.841570	762	0.335958	0.353000	0.335060	
711	0.323488	126	0.158730	163	0.668712	1.841570	711	0.323488	0.359000	0.335085	
754	0.281167	90	0.144444	156	0.724359	1.841570	754	0.281167	0.338000	0.335088	
767	0.294654	87	0.195402	146	0.719178	1.841570	767	0.294654	0.348000	0.335101	
729	0.325103	106	0.179245	165	0.612121	1.841570	729	0.325103	0.357000	0.335123	
741	0.294197	117	0.213675	142	0.661972	1.841570	741	0.294197	0.337000	0.335125	
726	0.276860	108	0.157407	166	0.602410	1.841570	726	0.276860	0.318000	0.335108	
740	0.302703	122	0.180328	138	0.543478	1.841570	740	0.302703	0.321000	0.335093	
729	0.341564	115	0.173913	156	0.660256	1.841570	729	0.341564	0.372000	0.335131	
770	0.309091	102	0.235294	128	0.687500	1.841570	770	0.309091	0.350000	0.335146	
746	0.306971	109	0.137615	145	0.620690	1.841570	746	0.306971	0.334000	0.335145	
748	0.319519	83	0.180723	169	0.573964	1.841570	748	0.319519	0.351000	0.335161	
736	0.255435	121	0.115702	143	0.454545	1.841570	736	0.255435	0.267000	0.335092	
734	0.321526	87	0.206897	179	0.469274	1.841570	734	0.321526	0.338000	0.335095	
756	0.259259	86	0.127907	158	0.645570	1.841570	756	0.259259	0.309000	0.335068	
749	0.281709	89	0.134831	162	0.635802	1.841570	749	0.281709	0.326000	0.335059	
721	0.289875	116	0.198276	163	0.631902	1.841570	721	0.289875	0.335000	0.335059	
771	0.309987	72	0.277778	157	0.541401	1.841570	771	0.309987	0.344000	0.335068	
749	0.292390	80	0.200000	171	0.526316	1.841570	749	0.292390	0.325000	0.335058	
765	0.261438	82	0.268293	153	0.477124	1.841570	765	0.261438	0.295000	0.335018	
760	0.281579	93	0.161290	147	0.489796	1.841570	760	0.281579	0.301000	0.334984	
716	0.279330	115	0.165217	169	0.467456	1.841570	716	0.279330	0.298000	0.334946	
737	0.309362	111	0.216216	152	0.500000	1.841570	737	0.309362	0.328000	0.334939	
747	0.290495	87	0.252874	166	0.632530	1.841570	747	0.290495	0.344000	0.334949	
742	0.287062	107	0.186916	151	0.622517	1.841570	742	0.287062	0.327000	0.334941	
748	0.339572	84	0.166667	168	0.559524	1.841570	748	0.339572	0.362000	0.334968	
710	0.308451	94	0.212766	196	0.586735	1.841570	710	0.308451	0.354000	0.334987	
764	0.354712	65	0.230769	171	0.631579	1.841570	764	0.354712	0.394000	0.335046	
756	0.287037	88	0.215909	156	0.576923	1.841570	756	0.287037	0.326000	0.335037	
774	0.320413	50	0.320000	176	0.488636	1.841570	774	0.320413	0.350000	0.335051	
746	0.293566	88	0.215909	166	0.548193	1.841570	746	0.293566	0.329000	0.335045	
720	0.270833	131	0.167939	149	0.684564	1.841570	720	0.270833	0.319000	0.335029	
752	0.279255	82	0.280488	166	0.608434	1.841570	752	0.279255	0.334000	0.335028	
739	0.284168	83	0.228916	178	0.550562	1.841570	739	0.284168	0.327000	0.335021	
750	0.244000	70	0.242857	180	0.722222	1.841570	750	0.244000	0.330000	0.335016	
712	0.250000	124	0.161290	164	0.609756	1.841570	712	0.250000	0.298000	0.334979	
