Rate	71.43
Rev Jump	14.29
Tree Move	14.29
Rate Tried	% Accepted	Rev Jump Tried	% Accepted	Tree Move Tried	% Accepted	Rates - Dev	Rates - Tried	Rates - Accepted	Sample Ave Acceptance	Total Ave Acceptance	
701	0.219686	85	0.188235	214	0.579439	1.913739	701	0.219686	0.294000	0.240433	
678	0.227139	136	0.110294	186	0.688172	1.913739	678	0.227139	0.297000	0.245146	
718	0.243733	87	0.091954	195	0.625641	1.913739	718	0.243733	0.305000	0.249750	
766	0.297650	78	0.166667	156	0.634615	1.913739	766	0.297650	0.340000	0.256196	
757	0.322325	95	0.210526	148	0.716216	1.913739	757	0.322325	0.370000	0.263782	
748	0.322193	87	0.126437	165	0.527273	1.913739	748	0.322193	0.339000	0.268483	
738	0.334688	106	0.216981	156	0.621795	1.913739	738	0.334688	0.367000	0.274278	
747	0.310576	102	0.156863	151	0.576159	1.913739	747	0.310576	0.335000	0.277651	
756	0.320106	88	0.193182	156	0.589744	1.913739	756	0.320106	0.351000	0.281511	
788	0.308376	79	0.202532	133	0.616541	1.913739	788	0.308376	0.341000	0.284486	
771	0.313878	71	0.211268	158	0.639241	1.913739	771	0.313878	0.358000	0.287986	
750	0.300000	105	0.152381	145	0.579310	1.913739	750	0.300000	0.325000	0.289669	
738	0.299458	106	0.235849	156	0.589744	1.913739	738	0.299458	0.338000	0.291770	
748	0.343583	100	0.210000	152	0.684211	1.913739	748	0.343583	0.382000	0.295529	
758	0.319261	94	0.223404	148	0.560811	1.913739	758	0.319261	0.346000	0.297548	
744	0.325269	93	0.279570	163	0.552147	1.913739	744	0.325269	0.358000	0.299873	
733	0.305593	105	0.161905	162	0.512346	1.913739	733	0.305593	0.324000	0.300767	
808	0.335396	48	0.208333	144	0.604167	1.913739	808	0.335396	0.368000	0.303168	
739	0.304465	60	0.200000	201	0.597015	1.913739	739	0.304465	0.357000	0.305024	
744	0.288978	79	0.151899	177	0.638418	1.913739	744	0.288978	0.340000	0.306190	
750	0.329333	118	0.118644	132	0.530303	1.913739	750	0.329333	0.331000	0.306990	
732	0.300546	109	0.064220	159	0.635220	1.913739	732	0.300546	0.328000	0.307647	
767	0.310300	108	0.148148	125	0.512000	1.913739	767	0.310300	0.318000	0.307960	
772	0.294041	71	0.211268	157	0.541401	1.913739	772	0.294041	0.327000	0.308520	
733	0.300136	98	0.224490	169	0.497041	1.913739	733	0.300136	0.326000	0.309020	
772	0.344560	68	0.205882	160	0.700000	1.913739	772	0.344560	0.392000	0.311325	
775	0.356129	85	0.282353	140	0.535714	1.913739	775	0.356129	0.375000	0.313046	
770	0.344156	89	0.157303	141	0.581560	1.913739	770	0.344156	0.361000	0.314308	
751	0.288948	89	0.179775	160	0.687500	1.913739	751	0.288948	0.343000	0.315043	
796	0.316583	67	0.134328	137	0.569343	1.913739	796	0.316583	0.339000	0.315642	
795	0.251572	61	0.229508	144	0.569444	1.913739	795	0.251572	0.296000	0.315163	
724	0.234807	129	0.116279	147	0.510204	1.913739	724	0.234807	0.260000	0.313850	
759	0.366271	77	0.155844	164	0.670732	1.913739	759	0.366271	0.400000	0.315853	
760	0.281579	102	0.235294	138	0.550725	1.913739	760	0.281579	0.314000	0.315811	
721	0.330097	108	0.157407	171	0.508772	1.913739	721	0.330097	0.342000	0.316393	
784	0.350765	69	0.130435	147	0.680272	1.913739	784	0.350765	0.384000	0.317863	
795	0.327044	60	0.283333	145	0.558621	1.913739	795	0.327044	0.358000	0.318717	
747	0.350736	102	0.205882	151	0.635762	1.913739	747	0.350736	0.379000	0.319973	
770	0.333766	100	0.110000	130	0.676923	1.913739	770	0.333766	0.356000	0.320708	
767	0.345502	75	0.333333	158	0.702532	1.913739	767	0.345502	0.401000	0.322314	
761	0.328515	89	0.280899	150	0.700000	1.913739	761	0.328515	0.380000	0.323445	
736	0.278533	105	0.161905	159	0.503145	1.913739	736	0.278533	0.302000	0.323032	
740	0.281081	114	0.149123	146	0.602740	1.913739	740	0.281081	0.313000	0.322843	
766	0.322454	96	0.260417	138	0.586957	1.913739	766	0.322454	0.353000	0.323401	
766	0.344648	88	0.159091	146	0.609589	1.913739	766	0.344648	0.367000	0.324194	
749	0.292390	106	0.169811	145	0.675862	1.913739	749	0.292390	0.335000	0.324387	
778	0.336761	70	0.242857	152	0.447368	1.913739	778	0.336761	0.347000	0.324784	
764	0.264398	71	0.225352	165	0.496970	1.913739	764	0.264398	0.300000	0.324356	
775	0.269677	63	0.285714	162	0.407407	1.913739	775	0.269677	0.293000	0.323825	
698	0.316619	133	0.285714	169	0.644970	1.913739	698	0.316619	0.368000	0.324561	
736	0.358696	94	0.244681	170	0.652941	1.913739	736	0.358696	0.398000	0.325765	
769	0.334200	92	0.184783	139	0.597122	1.913739	769	0.334200	0.357000	0.326269	
762	0.335958	103	0.213592	135	0.600000	1.913739	762	0.335958	0.359000	0.326788	
726	0.272727	124	0.169355	150	0.406667	1.913739	726	0.272727	0.280000	0.326057	
711	0.293952	117	0.239316	172	0.459302	1.913739	711	0.293952	0.316000	0.325903	
758	0.360158	86	0.220930	156	0.596154	1.913739	758	0.360158	0.385000	0.326798	
747	0.336011	72	0.166667	181	0.651934	1.913739	747	0.336011	0.381000	0.327607	
767	0.348110	66	0.181818	167	0.634731	1.913739	767	0.348110	0.385000	0.328451	
765	0.372549	103	0.233010	132	0.621212	1.913739	765	0.372549	0.391000	0.329358	
761	0.314060	97	0.257732	142	0.732394	1.913739	761	0.314060	0.368000	0.329910	
738	0.348238	107	0.224299	155	0.677419	1.913739	738	0.348238	0.386000	0.330700	
695	0.200000	103	0.262136	202	0.603960	1.913739	695	0.200000	0.288000	0.330107	
739	0.289581	127	0.212598	134	0.634328	1.913739	739	0.289581	0.326000	0.330050	
777	0.356499	91	0.230769	132	0.666667	1.913739	777	0.356499	0.386000	0.330806	
773	0.327296	64	0.328125	163	0.588957	1.913739	773	0.327296	0.370000	0.331329	
775	0.283871	72	0.125000	153	0.614379	1.913739	775	0.283871	0.323000	0.331219	
764	0.316754	78	0.205128	158	0.639241	1.913739	764	0.316754	0.359000	0.331580	
777	0.270270	76	0.250000	147	0.612245	1.913739	777	0.270270	0.319000	0.331419	
760	0.281579	74	0.148649	166	0.578313	1.913739	760	0.281579	0.321000	0.331287	
763	0.327654	90	0.288889	147	0.544218	1.913739	763	0.327654	0.356000	0.331596	
770	0.319481	97	0.154639	133	0.676692	1.913739	770	0.319481	0.351000	0.331835	
722	0.295014	114	0.184211	164	0.506098	1.913739	722	0.295014	0.317000	0.331654	
770	0.341558	81	0.283951	149	0.597315	1.913739	770	0.341558	0.375000	0.332177	
714	0.299720	86	0.186047	200	0.610000	1.913739	714	0.299720	0.352000	0.332413	
767	0.331160	74	0.121622	159	0.691824	1.913739	767	0.331160	0.373000	0.332890	
769	0.300390	92	0.260870	139	0.517986	1.913739	769	0.300390	0.327000	0.332822	
785	0.332484	93	0.182796	122	0.672131	1.913739	785	0.332484	0.360000	0.333134	
735	0.311565	88	0.272727	177	0.587571	1.913739	735	0.311565	0.357000	0.333405	
755	0.335099	75	0.213333	170	0.658824	1.913739	755	0.335099	0.381000	0.333940	
755	0.286093	88	0.227273	157	0.700637	1.913739	755	0.286093	0.346000	0.334074	
779	0.306804	90	0.244444	131	0.633588	1.913739	779	0.306804	0.344000	0.334183	
751	0.383489	91	0.098901	158	0.550633	1.913739	751	0.383489	0.384000	0.334725	
776	0.368557	68	0.191176	156	0.705128	1.913739	776	0.368557	0.409000	0.335523	
756	0.313492	87	0.183908	157	0.624204	1.913739	756	0.313492	0.351000	0.335688	
681	0.308370	76	0.157895	243	0.539095	1.913739	681	0.308370	0.353000	0.335870	
728	0.331044	94	0.276596	178	0.612360	1.913739	728	0.331044	0.376000	0.336288	
737	0.272727	100	0.280000	163	0.582822	1.913739	737	0.272727	0.324000	0.336161	
753	0.288181	80	0.150000	167	0.628743	1.913739	753	0.288181	0.334000	0.336139	
746	0.262735	106	0.207547	148	0.601351	1.913739	746	0.262735	0.307000	0.335845	
718	0.268802	98	0.204082	184	0.554348	1.913739	718	0.268802	0.315000	0.335637	
740	0.264865	65	0.323077	195	0.589744	1.913739	740	0.264865	0.332000	0.335601	
722	0.282548	109	0.165138	169	0.420118	1.913739	722	0.282548	0.293000	0.335183	
727	0.298487	92	0.184783	181	0.624309	1.913739	727	0.298487	0.347000	0.335298	
767	0.328553	56	0.267857	177	0.581921	1.913739	767	0.328553	0.370000	0.335631	
738	0.291328	105	0.200000	157	0.477707	1.913739	738	0.291328	0.311000	0.335397	
753	0.310757	89	0.314607	158	0.740506	1.913739	753	0.310757	0.379000	0.335808	
759	0.281950	87	0.252874	154	0.642857	1.913739	759	0.281950	0.335000	0.335801	
761	0.325887	106	0.122642	133	0.601504	1.913739	761	0.325887	0.341000	0.335849	
749	0.309746	101	0.158416	150	0.653333	1.913739	749	0.309746	0.346000	0.335942	
716	0.315642	120	0.191667	164	0.573171	1.913739	716	0.315642	0.343000	0.336006	
738	0.308943	123	0.170732	139	0.690647	1.913739	738	0.308943	0.345000	0.336087	
744	0.299731	86	0.186047	170	0.447059	1.913739	744	0.299731	0.315000	0.335899	
715	0.304895	79	0.240506	206	0.543689	1.913739	715	0.304895	0.349000	0.336015	
700	0.240000	91	0.252747	209	0.526316	1.913739	700	0.240000	0.301000	0.335708	
731	0.255814	89	0.157303	180	0.577778	1.913739	731	0.255814	0.305000	0.335441	
724	0.203039	128	0.203125	148	0.527027	1.913739	724	0.203039	0.251000	0.334713	
722	0.239612	110	0.209091	168	0.553571	1.913739	722	0.239612	0.289000	0.334322	
744	0.252688	98	0.204082	158	0.069620	1.913739	744	0.252688	0.219000	0.333345	
713	0.270687	123	0.186992	164	0.567073	1.913739	713	0.270687	0.309000	0.333140	
733	0.199181	71	0.309859	196	0.556122	1.913739	733	0.199181	0.277000	0.332672	
778	0.440874	58	0.051724	164	0.579268	1.109733	778	0.440874	0.441000	0.333567	
720	0.288889	124	0.129032	156	0.551282	1.552734	720	0.288889	0.310000	0.333374	
705	0.300709	122	0.204918	173	0.653179	1.552734	705	0.300709	0.350000	0.333509	
706	0.284703	128	0.132812	166	0.584337	1.552734	706	0.284703	0.315000	0.333360	
732	0.290984	89	0.157303	179	0.513966	1.552734	732	0.290984	0.319000	0.333245	
778	0.344473	55	0.145455	167	0.544910	1.552734	778	0.344473	0.367000	0.333513	
757	0.342140	82	0.097561	161	0.596273	1.552734	757	0.342140	0.363000	0.333745	
727	0.349381	65	0.107692	208	0.572115	1.552734	727	0.349381	0.380000	0.334107	
751	0.360852	64	0.265625	185	0.535135	1.552734	751	0.360852	0.387000	0.334517	
707	0.328147	96	0.177083	197	0.614213	1.552734	707	0.328147	0.370000	0.334790	
761	0.396846	67	0.298507	172	0.581395	1.552734	761	0.396846	0.422000	0.335455	
756	0.403439	87	0.206897	157	0.585987	1.552734	756	0.403439	0.415000	0.336058	
749	0.226969	84	0.178571	167	0.760479	2.984081	749	0.226969	0.312000	0.335877	
782	0.227621	63	0.142857	155	0.703226	2.984081	782	0.227621	0.296000	0.335580	
749	0.218959	92	0.184783	159	0.610063	2.984081	749	0.218959	0.278000	0.335153	
784	0.220663	67	0.268657	149	0.221477	2.984081	784	0.220663	0.224000	0.334336	
780	0.219231	69	0.188406	151	0.609272	2.984081	780	0.219231	0.276000	0.333910	
779	0.216945	68	0.279412	153	0.509804	2.984081	779	0.216945	0.266000	0.333418	
749	0.234980	72	0.138889	179	0.262570	2.984081	749	0.234980	0.233000	0.332695	
755	0.231788	86	0.209302	159	0.672956	2.984081	755	0.231788	0.300000	0.332462	
768	0.248698	88	0.181818	144	0.583333	2.984081	768	0.248698	0.291000	0.332168	
762	0.228346	85	0.211765	153	0.640523	2.984081	762	0.228346	0.290000	0.331871	
752	0.247340	98	0.193878	150	0.526667	2.984081	752	0.247340	0.284000	0.331536	
764	0.255236	84	0.130952	152	0.605263	2.984081	764	0.255236	0.298000	0.331303	
749	0.237650	103	0.087379	148	0.547297	2.984081	749	0.237650	0.268000	0.330867	
761	0.214192	90	0.111111	149	0.597315	2.984081	761	0.214192	0.262000	0.330395	
783	0.217114	75	0.226667	142	0.598592	2.984081	783	0.217114	0.272000	0.329998	
721	0.205270	110	0.154545	169	0.668639	2.984081	721	0.205270	0.278000	0.329646	
743	0.208614	94	0.148936	163	0.503067	2.984081	743	0.208614	0.251000	0.329119	
749	0.229640	80	0.212500	171	0.619883	2.984081	749	0.229640	0.295000	0.328891	
748	0.224599	92	0.271739	160	0.650000	2.984081	748	0.224599	0.297000	0.328680	
741	0.221323	76	0.210526	183	0.622951	2.984081	741	0.221323	0.294000	0.328452	
758	0.244063	76	0.184211	166	0.590361	2.984081	758	0.244063	0.297000	0.328246	
767	0.216428	84	0.238095	149	0.637584	2.984081	767	0.216428	0.281000	0.327939	
781	0.199744	74	0.229730	145	0.600000	2.984081	781	0.199744	0.260000	0.327501	
768	0.289062	76	0.118421	156	0.564103	2.267383	768	0.289062	0.319000	0.327447	
762	0.257218	92	0.173913	146	0.486301	2.267383	762	0.257218	0.283000	0.327164	
743	0.253028	85	0.141176	172	0.558140	2.267383	743	0.253028	0.296000	0.326966	
757	0.282695	92	0.271739	151	0.576159	2.267383	757	0.282695	0.326000	0.326960	
753	0.262948	71	0.140845	176	0.590909	2.267383	753	0.262948	0.312000	0.326867	
751	0.270306	86	0.197674	163	0.687117	2.267383	751	0.270306	0.332000	0.326899	
765	0.287582	73	0.260274	162	0.672840	2.267383	765	0.287582	0.348000	0.327029	
783	0.264368	70	0.171429	147	0.659864	2.267383	783	0.264368	0.316000	0.326961	
773	0.284605	63	0.190476	164	0.621951	2.267383	773	0.284605	0.334000	0.327004	
762	0.248031	80	0.162500	158	0.594937	2.267383	762	0.248031	0.296000	0.326816	
793	0.308953	75	0.253333	132	0.636364	2.267383	793	0.308953	0.348000	0.326944	
735	0.266667	101	0.207921	164	0.585366	2.267383	735	0.266667	0.313000	0.326860	
762	0.286089	85	0.188235	153	0.549020	2.267383	762	0.286089	0.318000	0.326808	
737	0.287653	81	0.246914	182	0.686813	2.267383	737	0.287653	0.357000	0.326986	
730	0.326027	120	0.141667	150	0.693333	2.267383	730	0.326027	0.359000	0.327175	
716	0.291899	115	0.121739	169	0.568047	2.267383	716	0.291899	0.319000	0.327127	
752	0.316489	106	0.160377	142	0.676056	2.267383	752	0.316489	0.351000	0.327266	
756	0.281746	95	0.231579	149	0.644295	2.267383	756	0.281746	0.331000	0.327287	
753	0.294821	94	0.170213	153	0.627451	2.267383	753	0.294821	0.334000	0.327326	
744	0.271505	109	0.211009	147	0.244898	2.267383	744	0.271505	0.261000	0.326947	
740	0.255405	109	0.174312	151	0.536424	2.267383	740	0.255405	0.289000	0.326731	
756	0.250000	104	0.201923	140	0.542857	2.267383	756	0.250000	0.286000	0.326501	
758	0.234828	82	0.121951	160	0.512500	2.267383	758	0.234828	0.270000	0.326184	
767	0.265971	83	0.120482	150	0.626667	2.267383	767	0.265971	0.308000	0.326082	
742	0.277628	103	0.213592	155	0.651613	2.267383	742	0.277628	0.329000	0.326098	
749	0.292390	90	0.133333	161	0.608696	2.267383	749	0.292390	0.329000	0.326114	
772	0.290155	83	0.216867	145	0.551724	2.267383	772	0.290155	0.322000	0.326092	
775	0.277419	80	0.325000	145	0.593103	2.267383	775	0.277419	0.327000	0.326097	
775	0.295484	67	0.298507	158	0.601266	2.267383	775	0.295484	0.344000	0.326194	
784	0.260204	81	0.209877	135	0.659259	2.267383	784	0.260204	0.310000	0.326106	
731	0.300958	107	0.242991	162	0.604938	2.267383	731	0.300958	0.344000	0.326203	
764	0.250000	83	0.120482	153	0.516340	2.267383	764	0.250000	0.280000	0.325955	
750	0.288000	91	0.153846	159	0.490566	2.267383	750	0.288000	0.308000	0.325860	
775	0.303226	76	0.210526	149	0.677852	2.267383	775	0.303226	0.352000	0.325998	
776	0.273196	70	0.328571	154	0.577922	2.267383	776	0.273196	0.324000	0.325988	
787	0.318933	83	0.216867	130	0.669231	2.267383	787	0.318933	0.356000	0.326145	
742	0.312668	98	0.091837	160	0.575000	2.267383	742	0.312668	0.333000	0.326181	
786	0.295165	75	0.226667	139	0.633094	2.267383	786	0.295165	0.337000	0.326237	
742	0.273585	97	0.247423	161	0.645963	2.267383	742	0.273585	0.331000	0.326261	
792	0.296717	66	0.136364	142	0.387324	2.267383	792	0.296717	0.299000	0.326121	
758	0.237467	77	0.142857	165	0.424242	2.267383	758	0.237467	0.261000	0.325789	
748	0.232620	76	0.250000	176	0.465909	2.267383	748	0.232620	0.275000	0.325531	
761	0.286465	84	0.202381	155	0.535484	2.267383	761	0.286465	0.318000	0.325493	
747	0.289157	81	0.148148	172	0.517442	2.267383	747	0.289157	0.317000	0.325451	
768	0.276042	83	0.180723	149	0.651007	2.267383	768	0.276042	0.324000	0.325443	
745	0.255034	102	0.166667	153	0.653595	2.267383	745	0.255034	0.307000	0.325352	
761	0.256242	65	0.200000	174	0.637931	2.267383	761	0.256242	0.319000	0.325320	
759	0.259552	67	0.134328	174	0.666667	2.267383	759	0.259552	0.322000	0.325304	
752	0.297872	91	0.175824	157	0.554140	2.267383	752	0.297872	0.327000	0.325312	
755	0.321854	76	0.118421	169	0.532544	2.267383	755	0.321854	0.342000	0.325394	
735	0.261224	112	0.089286	153	0.444444	2.267383	735	0.261224	0.270000	0.325125	
731	0.246238	96	0.145833	173	0.641618	2.267383	731	0.246238	0.305000	0.325027	
755	0.305960	81	0.148148	164	0.493902	2.267383	755	0.305960	0.324000	0.325022	
766	0.296345	91	0.197802	143	0.552448	2.267383	766	0.296345	0.324000	0.325018	
740	0.294595	83	0.120482	177	0.593220	2.267383	740	0.294595	0.333000	0.325056	
762	0.274278	70	0.185714	168	0.583333	2.267383	762	0.274278	0.320000	0.325032	
770	0.271429	90	0.100000	140	0.500000	2.267383	770	0.271429	0.288000	0.324857	
748	0.276738	79	0.189873	173	0.618497	2.267383	748	0.276738	0.329000	0.324876	
730	0.279452	103	0.184466	167	0.538922	2.267383	730	0.279452	0.313000	0.324821	
761	0.256242	81	0.197531	158	0.575949	2.267383	761	0.256242	0.302000	0.324715	
743	0.274563	120	0.150000	137	0.591241	2.267383	743	0.274563	0.303000	0.324614	
753	0.262948	94	0.148936	153	0.444444	2.267383	753	0.262948	0.280000	0.324409	
725	0.288276	94	0.053191	181	0.530387	2.267383	725	0.288276	0.310000	0.324343	
745	0.295302	111	0.108108	144	0.604167	2.267383	745	0.295302	0.319000	0.324318	
768	0.259115	93	0.258065	139	0.611511	2.267383	768	0.259115	0.308000	0.324244	
720	0.354167	103	0.213592	177	0.593220	2.267383	720	0.354167	0.382000	0.324505	
765	0.291503	78	0.205128	157	0.605096	2.267383	765	0.291503	0.334000	0.324548	
739	0.266576	101	0.227723	160	0.606250	2.267383	739	0.266576	0.317000	0.324514	
770	0.285714	66	0.227273	164	0.640244	2.267383	770	0.285714	0.340000	0.324583	
793	0.291299	52	0.288462	155	0.593548	2.267383	793	0.291299	0.338000	0.324643	
763	0.307995	95	0.210526	142	0.514085	2.267383	763	0.307995	0.328000	0.324658	
733	0.240109	106	0.198113	161	0.701863	2.267383	733	0.240109	0.310000	0.324593	
751	0.262317	83	0.240964	166	0.650602	2.267383	751	0.262317	0.325000	0.324595	
750	0.230667	112	0.267857	138	0.601449	2.267383	750	0.230667	0.286000	0.324427	
762	0.290026	107	0.242991	131	0.580153	2.267383	762	0.290026	0.323000	0.324420	
750	0.264000	76	0.289474	174	0.574713	2.267383	750	0.264000	0.320000	0.324401	
723	0.290456	103	0.174757	174	0.660920	2.267383	723	0.290456	0.343000	0.324481	
772	0.283679	58	0.172414	170	0.594118	2.267383	772	0.283679	0.330000	0.324505	
797	0.308657	37	0.000000	166	0.608434	2.267383	797	0.308657	0.347000	0.324601	
802	0.265586	46	0.065217	152	0.559211	2.267383	802	0.265586	0.301000	0.324501	
772	0.278497	88	0.250000	140	0.600000	2.267383	772	0.278497	0.321000	0.324486	
756	0.257937	87	0.252874	157	0.700637	2.267383	756	0.257937	0.327000	0.324497	
772	0.274611	103	0.174757	125	0.600000	2.267383	772	0.274611	0.305000	0.324415	
780	0.292308	80	0.250000	140	0.750000	2.267383	780	0.292308	0.353000	0.324534	
758	0.265172	87	0.241379	155	0.658065	2.267383	758	0.265172	0.324000	0.324532	
737	0.260516	104	0.163462	159	0.635220	2.267383	737	0.260516	0.310000	0.324472	
737	0.303935	110	0.281818	153	0.601307	2.267383	737	0.303935	0.347000	0.324565	
725	0.273103	116	0.267241	159	0.597484	2.267383	725	0.273103	0.324000	0.324562	
752	0.273936	88	0.352273	160	0.593750	2.267383	752	0.273936	0.332000	0.324593	
757	0.240423	79	0.189873	164	0.591463	2.267383	757	0.240423	0.294000	0.324468	
747	0.240964	85	0.164706	168	0.488095	2.267383	747	0.240964	0.276000	0.324271	
763	0.262123	81	0.172840	156	0.538462	2.267383	763	0.262123	0.298000	0.324165	
748	0.290107	79	0.202532	173	0.485549	2.267383	748	0.290107	0.317000	0.324136	
730	0.287671	92	0.141304	178	0.544944	2.267383	730	0.287671	0.320000	0.324119	
761	0.291721	91	0.153846	148	0.648649	2.267383	761	0.291721	0.332000	0.324151	
754	0.266578	97	0.134021	149	0.536913	2.267383	754	0.266578	0.294000	0.324031	
782	0.285166	84	0.130952	134	0.402985	2.267383	782	0.285166	0.288000	0.323888	
746	0.297587	81	0.185185	173	0.572254	2.267383	746	0.297587	0.336000	0.323935	
756	0.294974	85	0.117647	159	0.603774	2.267383	756	0.294974	0.329000	0.323955	
748	0.308824	94	0.180851	158	0.645570	2.267383	748	0.308824	0.350000	0.324058	
743	0.238223	79	0.202532	178	0.511236	2.267383	743	0.238223	0.284000	0.323901	
766	0.328982	96	0.218750	138	0.601449	2.267383	766	0.328982	0.356000	0.324026	
753	0.278884	98	0.244898	149	0.557047	2.267383	753	0.278884	0.317000	0.323999	
773	0.238034	75	0.173333	152	0.486842	2.267383	773	0.238034	0.271000	0.323794	
774	0.258398	74	0.162162	152	0.572368	2.267383	774	0.258398	0.299000	0.323699	
725	0.304828	104	0.163462	171	0.555556	2.267383	725	0.304828	0.333000	0.323734	
789	0.262357	64	0.125000	147	0.605442	2.267383	789	0.262357	0.304000	0.323659	
751	0.278296	63	0.174603	186	0.602151	2.267383	751	0.278296	0.332000	0.323691	
782	0.281330	78	0.192308	140	0.650000	2.267383	782	0.281330	0.326000	0.323700	
758	0.307388	76	0.250000	166	0.602410	2.267383	758	0.307388	0.352000	0.323806	
758	0.279683	87	0.114943	155	0.625806	2.267383	758	0.279683	0.319000	0.323788	
748	0.274064	90	0.144444	162	0.623457	2.267383	748	0.274064	0.319000	0.323770	
730	0.295890	83	0.228916	187	0.540107	2.267383	730	0.295890	0.336000	0.323816	
804	0.286070	55	0.200000	141	0.652482	2.267383	804	0.286070	0.333000	0.323850	
779	0.295250	67	0.208955	154	0.584416	2.267383	779	0.295250	0.334000	0.323888	
770	0.281818	81	0.172840	149	0.624161	2.267383	770	0.281818	0.324000	0.323888	
750	0.236000	105	0.133333	145	0.572414	2.267383	750	0.236000	0.274000	0.323705	
789	0.286439	75	0.213333	136	0.426471	2.267383	789	0.286439	0.300000	0.323618	
768	0.260417	54	0.222222	178	0.595506	2.267383	768	0.260417	0.318000	0.323597	
787	0.280813	57	0.070175	156	0.628205	2.267383	787	0.280813	0.323000	0.323595	
779	0.275995	79	0.151899	142	0.514085	2.267383	779	0.275995	0.300000	0.323510	
761	0.270696	84	0.154762	155	0.729032	2.267383	761	0.270696	0.332000	0.323540	
773	0.310479	71	0.225352	156	0.583333	2.267383	773	0.310479	0.347000	0.323625	
768	0.285156	92	0.260870	140	0.514286	2.267383	768	0.285156	0.315000	0.323594	
743	0.278600	101	0.188119	156	0.429487	2.267383	743	0.278600	0.293000	0.323485	
760	0.265789	81	0.160494	159	0.685535	2.267383	760	0.265789	0.324000	0.323486	
773	0.307891	77	0.103896	150	0.646667	2.267383	773	0.307891	0.343000	0.323556	
763	0.334207	97	0.278351	140	0.685714	2.267383	763	0.334207	0.378000	0.323748	
780	0.241026	56	0.250000	164	0.603659	2.267383	780	0.241026	0.301000	0.323668	
740	0.305405	80	0.250000	180	0.655556	2.267383	740	0.305405	0.364000	0.323809	
748	0.284759	65	0.292308	187	0.663102	2.267383	748	0.284759	0.356000	0.323922	
757	0.303831	81	0.148148	162	0.617284	2.267383	757	0.303831	0.342000	0.323985	
750	0.276000	101	0.168317	149	0.604027	2.267383	750	0.276000	0.314000	0.323950	
743	0.304172	99	0.191919	158	0.594937	2.267383	743	0.304172	0.339000	0.324002	
790	0.269620	80	0.150000	130	0.600000	2.267383	790	0.269620	0.303000	0.323930	
755	0.288742	88	0.170455	157	0.573248	2.267383	755	0.288742	0.323000	0.323927	
766	0.278068	86	0.151163	148	0.614865	2.267383	766	0.278068	0.317000	0.323903	
770	0.285714	67	0.149254	163	0.453988	2.267383	770	0.285714	0.304000	0.323835	
783	0.274585	66	0.151515	151	0.437086	2.267383	783	0.274585	0.291000	0.323723	
760	0.248684	52	0.173077	188	0.627660	2.267383	760	0.248684	0.316000	0.323697	
737	0.246947	77	0.155844	186	0.677419	2.267383	737	0.246947	0.320000	0.323685	
764	0.273560	78	0.243590	158	0.588608	2.267383	764	0.273560	0.321000	0.323676	
736	0.274457	97	0.247423	167	0.652695	2.267383	736	0.274457	0.335000	0.323714	
747	0.246319	92	0.086957	161	0.708075	2.267383	747	0.246319	0.306000	0.323654	
750	0.234667	101	0.158416	149	0.570470	2.267383	750	0.234667	0.277000	0.323499	
738	0.228997	97	0.144330	165	0.654545	2.267383	738	0.228997	0.291000	0.323391	
718	0.270195	123	0.154472	159	0.610063	2.267383	718	0.270195	0.310000	0.323347	
737	0.246947	87	0.206897	176	0.664773	2.267383	737	0.246947	0.317000	0.323326	
767	0.241199	85	0.200000	148	0.702703	2.267383	767	0.241199	0.306000	0.323269	
762	0.265092	74	0.378378	164	0.567073	2.267383	762	0.265092	0.323000	0.323268	
779	0.269576	56	0.232143	165	0.684848	2.267383	779	0.269576	0.336000	0.323309	
731	0.254446	97	0.195876	172	0.563953	2.267383	731	0.254446	0.302000	0.323240	
749	0.259012	83	0.204819	168	0.648810	2.267383	749	0.259012	0.320000	0.323229	
747	0.211513	92	0.141304	161	0.434783	2.267383	747	0.211513	0.241000	0.322963	
746	0.238606	101	0.247525	153	0.705882	2.267383	746	0.238606	0.311000	0.322925	
730	0.238356	120	0.191667	150	0.466667	2.267383	730	0.238356	0.267000	0.322745	
717	0.274756	88	0.272727	195	0.625641	2.267383	717	0.274756	0.343000	0.322810	
725	0.253793	123	0.203252	152	0.605263	2.267383	725	0.253793	0.301000	0.322740	
752	0.228723	76	0.263158	172	0.610465	2.267383	752	0.228723	0.297000	0.322658	
746	0.217158	97	0.113402	157	0.630573	2.267383	746	0.217158	0.272000	0.322497	
700	0.245714	119	0.184874	181	0.668508	2.267383	700	0.245714	0.315000	0.322474	
748	0.310160	97	0.123711	155	0.574194	2.267383	748	0.310160	0.333000	0.322507	
752	0.287234	84	0.202381	164	0.634146	2.267383	752	0.287234	0.337000	0.322552	
765	0.287582	64	0.250000	171	0.520468	2.267383	765	0.287582	0.325000	0.322560	
793	0.308953	80	0.150000	127	0.401575	2.267383	793	0.308953	0.308000	0.322515	
794	0.316121	63	0.095238	143	0.538462	2.267383	794	0.316121	0.334000	0.322550	
800	0.301250	60	0.200000	140	0.671429	2.267383	800	0.301250	0.347000	0.322626	
779	0.272144	65	0.215385	156	0.448718	2.267383	779	0.272144	0.296000	0.322544	
754	0.278515	86	0.209302	160	0.600000	2.267383	754	0.278515	0.324000	0.322548	
748	0.283422	92	0.173913	160	0.625000	2.267383	748	0.283422	0.328000	0.322565	
759	0.267457	84	0.261905	157	0.630573	2.267383	759	0.267457	0.324000	0.322570	
787	0.279543	54	0.074074	159	0.597484	2.267383	787	0.279543	0.319000	0.322559	
788	0.227157	51	0.372549	161	0.552795	2.267383	788	0.227157	0.287000	0.322450	
714	0.270308	114	0.263158	172	0.639535	2.267383	714	0.270308	0.333000	0.322482	
755	0.280795	87	0.310345	158	0.575949	2.267383	755	0.280795	0.330000	0.322505	
776	0.265464	64	0.234375	160	0.606250	2.267383	776	0.265464	0.318000	0.322491	
764	0.287958	101	0.217822	135	0.629630	2.267383	764	0.287958	0.327000	0.322505	
703	0.278805	100	0.180000	197	0.639594	2.267383	703	0.278805	0.340000	0.322558	
758	0.294195	100	0.140000	142	0.612676	2.267383	758	0.294195	0.324000	0.322562	
729	0.283951	88	0.204545	183	0.688525	2.267383	729	0.283951	0.351000	0.322647	
735	0.287075	103	0.310680	162	0.592593	2.267383	735	0.287075	0.339000	0.322695	
803	0.273973	67	0.164179	130	0.676923	2.267383	803	0.273973	0.319000	0.322685	
726	0.246556	85	0.188235	189	0.619048	2.267383	726	0.246556	0.312000	0.322653	
732	0.237705	102	0.235294	166	0.524096	2.267383	732	0.237705	0.285000	0.322542	
737	0.204885	114	0.166667	149	0.523490	2.267383	737	0.204885	0.248000	0.322323	
729	0.226337	108	0.259259	163	0.607362	2.267383	729	0.226337	0.292000	0.322234	
736	0.243207	104	0.201923	160	0.562500	2.267383	736	0.243207	0.290000	0.322139	
741	0.187584	83	0.204819	176	0.636364	2.267383	741	0.187584	0.268000	0.321982	
740	0.355405	97	0.226804	163	0.607362	1.565408	740	0.355405	0.384000	0.322162	
760	0.380263	69	0.405797	171	0.590643	1.565408	760	0.380263	0.418000	0.322440	
731	0.418605	94	0.265957	175	0.537143	1.565408	731	0.418605	0.425000	0.322736	
784	0.303571	75	0.306667	141	0.510638	1.979287	784	0.303571	0.333000	0.322766	
773	0.357050	51	0.235294	176	0.448864	1.979287	773	0.357050	0.367000	0.322893	
737	0.332429	100	0.230000	163	0.564417	1.979287	737	0.332429	0.360000	0.322999	
747	0.318608	101	0.168317	152	0.631579	1.979287	747	0.318608	0.351000	0.323079	
752	0.367021	107	0.186916	141	0.609929	1.979287	752	0.367021	0.382000	0.323247	
764	0.303665	90	0.288889	146	0.513699	1.979287	764	0.303665	0.333000	0.323275	
764	0.310209	92	0.195652	144	0.625000	1.979287	764	0.310209	0.345000	0.323336	
775	0.309677	72	0.069444	153	0.679739	1.979287	775	0.309677	0.349000	0.323409	
744	0.354839	114	0.131579	142	0.563380	1.979287	744	0.354839	0.359000	0.323509	
727	0.368638	129	0.201550	144	0.687500	1.979287	727	0.368638	0.393000	0.323704	
743	0.366083	110	0.236364	147	0.591837	1.979287	743	0.366083	0.385000	0.323876	
775	0.326452	96	0.208333	129	0.565891	1.979287	775	0.326452	0.346000	0.323938	
750	0.318667	99	0.181818	151	0.509934	1.979287	750	0.318667	0.334000	0.323966	
801	0.352060	56	0.214286	143	0.629371	1.979287	801	0.352060	0.384000	0.324132	
752	0.276596	84	0.166667	164	0.725610	1.979287	752	0.276596	0.341000	0.324179	
725	0.304828	90	0.288889	185	0.632432	1.979287	725	0.304828	0.364000	0.324289	
759	0.359684	83	0.240964	158	0.689873	1.979287	759	0.359684	0.402000	0.324503	
703	0.321479	112	0.214286	185	0.627027	1.979287	703	0.321479	0.366000	0.324617	
776	0.331186	101	0.118812	123	0.552846	1.979287	776	0.331186	0.337000	0.324651	
752	0.295213	106	0.169811	142	0.584507	1.979287	752	0.295213	0.323000	0.324647	
740	0.275676	97	0.319588	163	0.564417	1.979287	740	0.275676	0.327000	0.324653	
723	0.319502	101	0.188119	176	0.596591	1.979287	723	0.319502	0.355000	0.324736	
736	0.322011	93	0.301075	171	0.649123	1.979287	736	0.322011	0.376000	0.324874	
753	0.316069	85	0.223529	162	0.586420	1.979287	753	0.316069	0.352000	0.324948	
775	0.345806	88	0.204545	137	0.649635	1.979287	775	0.345806	0.375000	0.325083	
745	0.327517	112	0.223214	143	0.692308	1.979287	745	0.327517	0.368000	0.325198	
740	0.310811	114	0.184211	146	0.589041	1.979287	740	0.310811	0.337000	0.325230	
752	0.308511	96	0.260417	152	0.730263	1.979287	752	0.308511	0.368000	0.325344	
749	0.320427	102	0.235294	149	0.550336	1.979287	749	0.320427	0.346000	0.325399	
736	0.316576	95	0.147368	169	0.402367	1.979287	736	0.316576	0.315000	0.325371	
759	0.301713	86	0.209302	155	0.709677	1.979287	759	0.301713	0.357000	0.325455	
772	0.338083	59	0.254237	169	0.597633	1.979287	772	0.338083	0.377000	0.325592	
761	0.353482	86	0.139535	153	0.581699	1.979287	761	0.353482	0.370000	0.325709	
789	0.304183	73	0.178082	138	0.550725	1.979287	789	0.304183	0.329000	0.325718	
759	0.305665	97	0.257732	144	0.354167	1.979287	759	0.305665	0.308000	0.325671	
746	0.325737	94	0.212766	160	0.600000	1.979287	746	0.325737	0.359000	0.325758	
723	0.322268	89	0.202247	188	0.468085	1.979287	723	0.322268	0.339000	0.325793	
735	0.334694	95	0.147368	170	0.535294	1.979287	735	0.334694	0.351000	0.325859	
760	0.318421	85	0.200000	155	0.677419	1.979287	760	0.318421	0.364000	0.325958	
776	0.304124	63	0.142857	161	0.484472	1.979287	776	0.304124	0.323000	0.325950	
756	0.309524	101	0.257426	143	0.615385	1.979287	756	0.309524	0.348000	0.326007	
729	0.331962	105	0.228571	166	0.572289	1.979287	729	0.331962	0.361000	0.326097	
751	0.328895	97	0.206186	152	0.552632	1.979287	751	0.328895	0.351000	0.326161	
756	0.325397	95	0.242105	149	0.536913	1.979287	756	0.325397	0.349000	0.326220	
764	0.349476	82	0.219512	154	0.551948	1.979287	764	0.349476	0.370000	0.326332	
741	0.365722	77	0.220779	182	0.615385	1.979287	741	0.365722	0.400000	0.326520	
714	0.281513	86	0.162791	200	0.565000	1.979287	714	0.281513	0.328000	0.326523	
753	0.274900	77	0.142857	170	0.505882	1.979287	753	0.274900	0.304000	0.326466	
784	0.332908	58	0.172414	158	0.518987	1.979287	784	0.332908	0.353000	0.326533	
813	0.313653	31	0.161290	156	0.628205	1.979287	813	0.313653	0.358000	0.326613	
679	0.301915	67	0.194030	254	0.547244	1.979287	679	0.301915	0.357000	0.326689	
708	0.313559	90	0.211111	202	0.589109	1.979287	708	0.313559	0.360000	0.326773	
735	0.306122	107	0.158879	158	0.398734	1.979287	735	0.306122	0.305000	0.326718	
744	0.309140	95	0.178947	161	0.571429	1.979287	744	0.309140	0.339000	0.326749	
740	0.339189	104	0.192308	156	0.666667	1.979287	740	0.339189	0.375000	0.326870	
759	0.322793	80	0.262500	161	0.496894	1.979287	759	0.322793	0.346000	0.326917	
785	0.310828	73	0.219178	142	0.535211	1.979287	785	0.310828	0.336000	0.326940	
755	0.299338	95	0.231579	150	0.633333	1.979287	755	0.299338	0.343000	0.326979	
761	0.328515	78	0.166667	161	0.677019	1.979287	761	0.328515	0.372000	0.327091	
775	0.298065	77	0.181818	148	0.513514	1.979287	775	0.298065	0.321000	0.327076	
746	0.317694	95	0.178947	159	0.635220	1.979287	746	0.317694	0.355000	0.327144	
738	0.289973	89	0.112360	173	0.601156	1.979287	738	0.289973	0.328000	0.327146	
706	0.298867	111	0.135135	183	0.622951	1.979287	706	0.298867	0.340000	0.327178	
718	0.295265	116	0.232759	166	0.638554	1.979287	718	0.295265	0.345000	0.327221	
787	0.343075	82	0.231707	131	0.610687	1.979287	787	0.343075	0.369000	0.327323	
765	0.337255	81	0.123457	154	0.694805	1.979287	765	0.337255	0.375000	0.327439	
762	0.314961	85	0.164706	153	0.640523	1.979287	762	0.314961	0.352000	0.327498	
777	0.306306	79	0.227848	144	0.645833	1.979287	777	0.306306	0.349000	0.327550	
758	0.344327	87	0.172414	155	0.548387	1.979287	758	0.344327	0.361000	0.327631	
754	0.315650	97	0.216495	149	0.604027	1.979287	754	0.315650	0.349000	0.327682	
740	0.306757	113	0.230088	147	0.571429	1.979287	740	0.306757	0.337000	0.327704	
771	0.332036	67	0.283582	162	0.672840	1.979287	771	0.332036	0.384000	0.327839	
737	0.309362	92	0.271739	171	0.561404	1.979287	737	0.309362	0.349000	0.327889	
778	0.300771	75	0.053333	147	0.653061	1.979287	778	0.300771	0.334000	0.327904	
770	0.307792	87	0.218391	143	0.300699	1.979287	770	0.307792	0.299000	0.327835	
750	0.298667	99	0.121212	151	0.629139	1.979287	750	0.298667	0.331000	0.327843	
756	0.279101	93	0.118280	151	0.596026	1.979287	756	0.279101	0.312000	0.327805	
757	0.321004	84	0.166667	159	0.710692	1.979287	757	0.321004	0.370000	0.327905	
749	0.335113	92	0.250000	159	0.635220	1.979287	749	0.335113	0.375000	0.328016	
783	0.326948	77	0.220779	140	0.664286	1.979287	783	0.326948	0.366000	0.328105	
766	0.309399	68	0.264706	166	0.584337	1.979287	766	0.309399	0.352000	0.328161	
752	0.281915	100	0.270000	148	0.662162	1.979287	752	0.281915	0.337000	0.328181	
758	0.341689	84	0.202381	158	0.588608	1.979287	758	0.341689	0.369000	0.328277	
771	0.300908	78	0.205128	151	0.662252	1.979287	771	0.300908	0.348000	0.328322	
750	0.340000	71	0.323944	179	0.726257	1.979287	750	0.340000	0.408000	0.328507	
751	0.316911	89	0.202247	160	0.662500	1.979287	751	0.316911	0.362000	0.328585	
781	0.330346	60	0.250000	159	0.704403	1.979287	781	0.330346	0.385000	0.328715	
779	0.308087	83	0.192771	138	0.630435	1.979287	779	0.308087	0.343000	0.328748	
743	0.320323	97	0.278351	160	0.525000	1.979287	743	0.320323	0.349000	0.328795	
745	0.328859	106	0.254717	149	0.684564	1.979287	745	0.328859	0.374000	0.328898	
767	0.316819	85	0.200000	148	0.594595	1.979287	767	0.316819	0.348000	0.328942	
762	0.321522	82	0.182927	156	0.602564	1.979287	762	0.321522	0.354000	0.328999	
746	0.294906	78	0.153846	176	0.590909	1.979287	746	0.294906	0.336000	0.329015	
753	0.301461	80	0.112500	167	0.497006	1.979287	753	0.301461	0.319000	0.328992	
725	0.291034	113	0.176991	162	0.444444	1.979287	725	0.291034	0.303000	0.328933	
759	0.312253	78	0.256410	163	0.662577	1.979287	759	0.312253	0.365000	0.329015	
759	0.314888	81	0.333333	160	0.531250	1.979287	759	0.314888	0.351000	0.329065	
715	0.300699	100	0.160000	185	0.529730	1.979287	715	0.300699	0.329000	0.329065	
767	0.294654	103	0.135922	130	0.561538	1.979287	767	0.294654	0.313000	0.329028	
728	0.310440	84	0.321429	188	0.553191	1.979287	728	0.310440	0.357000	0.329091	
747	0.277108	83	0.253012	170	0.682353	1.979287	747	0.277108	0.344000	0.329125	
770	0.318182	93	0.193548	137	0.693431	1.979287	770	0.318182	0.358000	0.329189	
765	0.247059	89	0.224719	146	0.582192	1.979287	765	0.247059	0.294000	0.329111	
753	0.308101	77	0.233766	170	0.676471	1.979287	753	0.308101	0.365000	0.329190	
763	0.318480	90	0.177778	147	0.653061	1.979287	763	0.318480	0.355000	0.329248	
785	0.337580	68	0.176471	147	0.428571	1.979287	785	0.337580	0.340000	0.329271	
765	0.392157	61	0.163934	174	0.586207	1.979287	765	0.392157	0.412000	0.329454	
741	0.326586	105	0.190476	154	0.603896	1.979287	741	0.326586	0.355000	0.329510	
745	0.300671	91	0.142857	164	0.426829	1.979287	745	0.300671	0.307000	0.329461	
740	0.225676	96	0.145833	164	0.512195	1.979287	740	0.225676	0.265000	0.329319	
730	0.205479	111	0.108108	159	0.547170	1.979287	730	0.205479	0.249000	0.329144	
681	0.198238	107	0.158879	212	0.400943	1.979287	681	0.198238	0.237000	0.328943	
734	0.377384	100	0.160000	166	0.542169	1.365959	734	0.377384	0.383000	0.329060	
740	0.400000	92	0.217391	168	0.559524	1.365959	740	0.400000	0.410000	0.329236	
758	0.415567	70	0.271429	172	0.569767	1.365959	758	0.415567	0.432000	0.329459	
777	0.270270	58	0.293103	165	0.636364	2.247790	777	0.270270	0.332000	0.329465	
745	0.261745	98	0.091837	157	0.503185	2.247790	745	0.261745	0.283000	0.329364	
785	0.249682	57	0.280702	158	0.550633	2.247790	785	0.249682	0.299000	0.329299	
739	0.324763	107	0.214953	154	0.597403	2.247790	739	0.324763	0.355000	0.329354	
747	0.273092	77	0.259740	176	0.602273	2.247790	747	0.273092	0.330000	0.329356	
755	0.311258	66	0.196970	179	0.391061	2.247790	755	0.311258	0.318000	0.329331	
758	0.199208	75	0.226667	167	0.335329	2.247790	758	0.199208	0.224000	0.329106	
779	0.296534	61	0.163934	160	0.556250	1.966802	779	0.296534	0.330000	0.329108	
748	0.351604	102	0.235294	150	0.593333	1.966802	748	0.351604	0.376000	0.329208	
771	0.302205	54	0.222222	175	0.634286	1.966802	771	0.302205	0.356000	0.329265	
792	0.340909	59	0.220339	149	0.691275	1.966802	792	0.340909	0.386000	0.329385	
772	0.305699	74	0.256757	154	0.577922	1.966802	772	0.305699	0.344000	0.329416	
744	0.305108	83	0.253012	173	0.612717	1.966802	744	0.305108	0.354000	0.329468	
773	0.275550	86	0.127907	141	0.581560	1.966802	773	0.275550	0.306000	0.329418	
725	0.267586	79	0.189873	196	0.484694	1.966802	725	0.267586	0.304000	0.329365	
713	0.189341	124	0.177419	163	0.435583	1.966802	713	0.189341	0.228000	0.329152	
742	0.421833	100	0.220000	158	0.537975	1.403975	742	0.421833	0.420000	0.329342	
723	0.334716	108	0.166667	169	0.656805	1.676218	723	0.334716	0.371000	0.329429	
743	0.320323	83	0.108434	174	0.626437	1.676218	743	0.320323	0.356000	0.329485	
719	0.318498	106	0.169811	175	0.605714	1.676218	719	0.318498	0.353000	0.329534	
728	0.318681	107	0.233645	165	0.527273	1.676218	728	0.318681	0.344000	0.329564	
731	0.311902	102	0.186275	167	0.634731	1.676218	731	0.311902	0.353000	0.329612	
728	0.344780	116	0.198276	156	0.538462	1.676218	728	0.344780	0.358000	0.329671	
725	0.375172	118	0.186441	157	0.681529	1.676218	725	0.375172	0.401000	0.329818	
730	0.331507	106	0.216981	164	0.658537	1.676218	730	0.331507	0.373000	0.329907	
756	0.353175	88	0.238636	156	0.653846	1.676218	756	0.353175	0.390000	0.330030	
726	0.280992	95	0.126316	179	0.575419	1.676218	726	0.280992	0.319000	0.330008	
762	0.308399	74	0.135135	164	0.658537	1.676218	762	0.308399	0.353000	0.330055	
769	0.335501	56	0.178571	175	0.600000	1.676218	769	0.335501	0.373000	0.330142	
741	0.253711	87	0.160920	172	0.453488	1.676218	741	0.253711	0.280000	0.330040	
746	0.327078	91	0.197802	163	0.588957	1.676218	746	0.327078	0.358000	0.330097	
746	0.360590	91	0.329670	163	0.638037	1.676218	746	0.360590	0.403000	0.330245	
736	0.351902	102	0.225490	162	0.685185	1.676218	736	0.351902	0.393000	0.330372	
755	0.339073	94	0.297872	151	0.589404	1.676218	755	0.339073	0.373000	0.330458	
750	0.404000	100	0.170000	150	0.600000	1.676218	750	0.404000	0.410000	0.330618	
756	0.324074	93	0.107527	151	0.596026	1.879248	756	0.324074	0.345000	0.330647	
751	0.320905	83	0.192771	166	0.566265	1.879248	751	0.320905	0.351000	0.330688	
768	0.316406	60	0.300000	172	0.459302	1.879248	768	0.316406	0.340000	0.330707	
759	0.345191	77	0.233766	164	0.591463	1.879248	759	0.345191	0.377000	0.330799	
767	0.355932	76	0.250000	157	0.662420	1.879248	767	0.355932	0.396000	0.330929	
737	0.352782	94	0.276596	169	0.609467	1.879248	737	0.352782	0.389000	0.331045	
761	0.307490	77	0.168831	162	0.598765	1.879248	761	0.307490	0.344000	0.331071	
739	0.282815	99	0.131313	162	0.580247	1.879248	739	0.282815	0.316000	0.331041	
755	0.319205	81	0.246914	164	0.560976	1.879248	755	0.319205	0.353000	0.331084	
673	0.249629	94	0.308511	233	0.609442	1.879248	673	0.249629	0.339000	0.331100	
735	0.370068	84	0.285714	181	0.591160	1.879248	735	0.370068	0.403000	0.331242	
734	0.393733	62	0.241935	204	0.637255	1.879248	734	0.393733	0.434000	0.331444	
780	0.312821	80	0.212500	140	0.492857	1.879248	780	0.312821	0.330000	0.331441	
755	0.339073	75	0.213333	170	0.670588	1.879248	755	0.339073	0.386000	0.331548	
723	0.271093	87	0.218391	190	0.505263	1.879248	723	0.271093	0.311000	0.331508	
711	0.329114	125	0.128000	164	0.609756	1.879248	711	0.329114	0.350000	0.331544	
723	0.269710	108	0.231481	169	0.662722	1.879248	723	0.269710	0.332000	0.331545	
736	0.258152	98	0.244898	166	0.536145	1.879248	736	0.258152	0.303000	0.331490	
741	0.219973	101	0.198020	158	0.607595	1.879248	741	0.219973	0.279000	0.331388	
717	0.274756	83	0.277108	200	0.655000	1.879248	717	0.274756	0.351000	0.331426	
718	0.254875	73	0.328767	209	0.612440	1.879248	718	0.254875	0.335000	0.331433	
742	0.246631	87	0.229885	171	0.713450	1.879248	742	0.246631	0.325000	0.331420	
791	0.283186	58	0.120690	151	0.602649	1.879248	791	0.283186	0.322000	0.331402	
753	0.269588	73	0.287671	174	0.540230	1.879248	753	0.269588	0.318000	0.331376	
745	0.251007	89	0.280899	166	0.644578	1.879248	745	0.251007	0.319000	0.331353	
719	0.287900	111	0.144144	170	0.647059	1.879248	719	0.287900	0.333000	0.331356	
732	0.278689	114	0.157895	154	0.642857	1.879248	732	0.278689	0.321000	0.331336	
726	0.254821	57	0.350877	217	0.534562	1.879248	726	0.254821	0.321000	0.331316	
726	0.254821	87	0.252874	187	0.582888	1.879248	726	0.254821	0.316000	0.331287	
762	0.248031	104	0.153846	134	0.432836	1.879248	762	0.248031	0.263000	0.331157	
755	0.263576	84	0.166667	161	0.304348	1.879248	755	0.263576	0.262000	0.331026	
751	0.274301	96	0.312500	153	0.457516	1.879248	751	0.274301	0.306000	0.330979	
721	0.269071	99	0.222222	180	0.577778	1.879248	721	0.269071	0.320000	0.330958	
696	0.314655	139	0.129496	165	0.466667	1.879248	696	0.314655	0.314000	0.330926	
681	0.232012	140	0.192857	179	0.536313	1.879248	681	0.232012	0.281000	0.330832	
730	0.276712	113	0.150442	157	0.515924	1.879248	730	0.276712	0.300000	0.330774	
741	0.263158	70	0.128571	189	0.566138	1.879248	741	0.263158	0.311000	0.330737	
701	0.262482	135	0.155556	164	0.713415	1.879248	701	0.262482	0.322000	0.330720	
678	0.268437	145	0.124138	177	0.542373	1.879248	678	0.268437	0.296000	0.330655	
719	0.262865	93	0.139785	188	0.627660	1.879248	719	0.262865	0.320000	0.330636	
720	0.256944	100	0.160000	180	0.711111	1.879248	720	0.256944	0.329000	0.330633	
736	0.282609	105	0.171429	159	0.534591	1.879248	736	0.282609	0.311000	0.330596	
727	0.294360	91	0.197802	182	0.505495	1.879248	727	0.294360	0.324000	0.330584	
751	0.258322	75	0.133333	174	0.614943	1.879248	751	0.258322	0.311000	0.330548	
728	0.285714	122	0.114754	150	0.586667	1.879248	728	0.285714	0.310000	0.330510	
734	0.287466	108	0.166667	158	0.658228	1.879248	734	0.287466	0.333000	0.330514	
739	0.313938	93	0.150538	168	0.690476	1.879248	739	0.313938	0.362000	0.330572	
722	0.286704	122	0.172131	156	0.647436	1.879248	722	0.286704	0.329000	0.330569	
746	0.302949	80	0.200000	174	0.528736	1.879248	746	0.302949	0.334000	0.330576	
718	0.253482	116	0.146552	166	0.674699	1.879248	718	0.253482	0.311000	0.330540	
768	0.279948	64	0.281250	168	0.369048	1.879248	768	0.279948	0.295000	0.330475	
745	0.308725	88	0.113636	167	0.574850	1.879248	745	0.308725	0.336000	0.330485	
728	0.296703	109	0.192661	163	0.625767	1.879248	728	0.296703	0.339000	0.330500	
745	0.326174	90	0.288889	165	0.587879	1.879248	745	0.326174	0.366000	0.330565	
761	0.283837	97	0.175258	142	0.436620	1.879248	761	0.283837	0.295000	0.330500	
747	0.248996	94	0.180851	159	0.591195	1.879248	747	0.248996	0.297000	0.330440	
749	0.299065	91	0.186813	160	0.381250	1.879248	749	0.299065	0.302000	0.330388	
741	0.314440	94	0.212766	165	0.678788	1.879248	741	0.314440	0.365000	0.330451	
774	0.299742	64	0.218750	162	0.635802	1.879248	774	0.299742	0.349000	0.330484	
742	0.316712	84	0.178571	174	0.735632	1.879248	742	0.316712	0.378000	0.330570	
734	0.321526	89	0.280899	177	0.627119	1.879248	734	0.321526	0.372000	0.330644	
738	0.331978	99	0.222222	163	0.588957	1.879248	738	0.331978	0.363000	0.330702	
724	0.252762	106	0.150943	170	0.523529	1.879248	724	0.252762	0.288000	0.330626	
716	0.289106	99	0.161616	185	0.675676	1.879248	716	0.289106	0.348000	0.330657	
750	0.314667	95	0.189474	155	0.638710	1.879248	750	0.314667	0.353000	0.330696	
732	0.307377	95	0.221053	173	0.641618	1.879248	732	0.307377	0.357000	0.330743	
704	0.275568	131	0.122137	165	0.587879	1.879248	704	0.275568	0.307000	0.330701	
736	0.271739	108	0.185185	156	0.544872	1.879248	736	0.271739	0.305000	0.330655	
759	0.281950	87	0.114943	154	0.506494	1.879248	759	0.281950	0.302000	0.330605	
720	0.254167	100	0.160000	180	0.622222	1.879248	720	0.254167	0.311000	0.330570	
706	0.253541	118	0.169492	176	0.625000	1.879248	706	0.253541	0.309000	0.330532	
748	0.228610	98	0.091837	154	0.623377	1.879248	748	0.228610	0.276000	0.330436	
764	0.270942	84	0.214286	152	0.703947	1.879248	764	0.270942	0.332000	0.330439	
737	0.303935	96	0.218750	167	0.658683	1.879248	737	0.303935	0.355000	0.330482	
762	0.291339	96	0.197917	142	0.535211	1.879248	762	0.291339	0.317000	0.330458	
772	0.330311	50	0.200000	178	0.393258	1.879248	772	0.330311	0.335000	0.330466	
772	0.314767	83	0.265060	145	0.579310	1.879248	772	0.314767	0.349000	0.330499	
739	0.341001	69	0.260870	192	0.520833	1.879248	739	0.341001	0.370000	0.330567	
804	0.288557	46	0.239130	150	0.586667	1.879248	804	0.288557	0.331000	0.330568	
715	0.318881	93	0.247312	192	0.619792	1.879248	715	0.318881	0.370000	0.330637	
753	0.308101	72	0.236111	175	0.594286	1.879248	753	0.308101	0.353000	0.330675	
753	0.300133	107	0.149533	140	0.564286	1.879248	753	0.300133	0.321000	0.330659	
732	0.315574	101	0.148515	167	0.622754	1.879248	732	0.315574	0.350000	0.330692	
778	0.284062	69	0.289855	153	0.575163	1.879248	778	0.284062	0.329000	0.330689	
746	0.327078	118	0.110169	136	0.522059	1.879248	746	0.327078	0.328000	0.330684	
737	0.359566	101	0.198020	162	0.617284	1.879248	737	0.359566	0.385000	0.330778	
740	0.321622	95	0.189474	165	0.624242	1.879248	740	0.321622	0.359000	0.330826	
734	0.324251	97	0.144330	169	0.621302	1.879248	734	0.324251	0.357000	0.330871	
747	0.345382	70	0.400000	183	0.661202	1.879248	747	0.345382	0.407000	0.331001	
765	0.333333	66	0.090909	169	0.591716	1.879248	765	0.333333	0.361000	0.331052	
776	0.360825	75	0.280000	149	0.691275	1.879248	776	0.360825	0.404000	0.331177	
732	0.349727	98	0.204082	170	0.582353	1.879248	732	0.349727	0.375000	0.331251	
758	0.339050	98	0.153061	144	0.659722	1.879248	758	0.339050	0.367000	0.331312	
773	0.304010	76	0.263158	151	0.695364	1.879248	773	0.304010	0.360000	0.331360	
777	0.332046	82	0.256098	141	0.602837	1.879248	777	0.332046	0.364000	0.331416	
751	0.343542	86	0.220930	163	0.650307	1.879248	751	0.343542	0.383000	0.331503	
744	0.326613	99	0.181818	157	0.560510	1.879248	744	0.326613	0.349000	0.331532	
740	0.352703	86	0.197674	174	0.609195	1.879248	740	0.352703	0.384000	0.331621	
736	0.332880	92	0.195652	172	0.651163	1.879248	736	0.332880	0.375000	0.331694	
731	0.385773	99	0.323232	170	0.617647	1.879248	731	0.385773	0.419000	0.331840	
743	0.358008	79	0.164557	178	0.685393	1.879248	743	0.358008	0.401000	0.331956	
701	0.298146	118	0.220339	181	0.436464	1.879248	701	0.298146	0.314000	0.331926	
742	0.330189	85	0.211765	173	0.566474	1.879248	742	0.330189	0.361000	0.331974	
729	0.308642	109	0.229358	162	0.666667	1.879248	729	0.308642	0.358000	0.332018	
741	0.314440	112	0.214286	147	0.448980	1.879248	741	0.314440	0.323000	0.332003	
781	0.350832	88	0.159091	131	0.526718	1.879248	781	0.350832	0.357000	0.332044	
765	0.317647	66	0.106061	169	0.579882	1.879248	765	0.317647	0.348000	0.332071	
742	0.386792	120	0.200000	138	0.521739	1.879248	742	0.386792	0.383000	0.332155	
771	0.363165	95	0.189474	134	0.716418	1.879248	771	0.363165	0.394000	0.332257	
753	0.351926	79	0.227848	168	0.565476	1.879248	753	0.351926	0.378000	0.332333	
766	0.302872	55	0.363636	179	0.586592	1.879248	766	0.302872	0.357000	0.332373	
778	0.308483	77	0.233766	145	0.655172	1.879248	778	0.308483	0.353000	0.332407	
782	0.342711	62	0.177419	156	0.583333	1.879248	782	0.342711	0.370000	0.332469	
774	0.288114	70	0.214286	156	0.660256	1.879248	774	0.288114	0.341000	0.332483	
753	0.285525	63	0.222222	184	0.576087	1.879248	753	0.285525	0.335000	0.332487	
764	0.311518	60	0.200000	176	0.590909	1.879248	764	0.311518	0.354000	0.332522	
793	0.321564	65	0.230769	142	0.605634	1.879248	793	0.321564	0.356000	0.332561	
763	0.321101	67	0.194030	170	0.647059	1.879248	763	0.321101	0.368000	0.332618	
768	0.346354	53	0.283019	179	0.586592	1.879248	768	0.346354	0.386000	0.332705	
754	0.359416	75	0.253333	171	0.614035	1.879248	754	0.359416	0.395000	0.332806	
739	0.343708	107	0.280374	154	0.500000	1.879248	739	0.343708	0.361000	0.332852	
770	0.324675	68	0.117647	162	0.604938	1.879248	770	0.324675	0.356000	0.332889	
760	0.296053	81	0.271605	159	0.591195	1.879248	760	0.296053	0.341000	0.332903	
732	0.274590	89	0.179775	179	0.407821	1.879248	732	0.274590	0.290000	0.332833	
719	0.253129	79	0.139241	202	0.529703	1.879248	719	0.253129	0.300000	0.332780	
707	0.247525	115	0.217391	178	0.556180	1.879248	707	0.247525	0.299000	0.332726	
683	0.231332	121	0.107438	196	0.336735	1.879248	683	0.231332	0.237000	0.332572	
694	0.298271	119	0.134454	187	0.491979	1.879248	694	0.298271	0.315000	0.332544	
721	0.277393	83	0.253012	196	0.658163	1.879248	721	0.277393	0.350000	0.332572	
744	0.266129	82	0.304878	174	0.614943	1.879248	744	0.266129	0.330000	0.332568	
733	0.317872	108	0.277778	159	0.503145	1.879248	733	0.317872	0.343000	0.332585	
733	0.290587	102	0.245098	165	0.569697	1.879248	733	0.290587	0.332000	0.332584	
726	0.267218	98	0.183673	176	0.352273	1.879248	726	0.267218	0.274000	0.332491	
736	0.250000	101	0.118812	163	0.251534	1.879248	736	0.250000	0.237000	0.332339	
790	0.203797	68	0.117647	142	0.690141	1.879248	790	0.203797	0.267000	0.332236	
734	0.282016	120	0.125000	146	0.554795	1.879248	734	0.282016	0.303000	0.332189	
721	0.276006	140	0.107143	139	0.561151	1.879248	721	0.276006	0.292000	0.332126	
784	0.250000	69	0.144928	147	0.673469	1.879248	784	0.250000	0.305000	0.332083	
740	0.209459	95	0.263158	165	0.521212	1.879248	740	0.209459	0.266000	0.331979	
705	0.226950	112	0.133929	183	0.568306	1.879248	705	0.226950	0.279000	0.331896	
782	0.246803	80	0.225000	138	0.652174	1.879248	782	0.246803	0.301000	0.331847	
736	0.266304	107	0.149533	157	0.605096	1.879248	736	0.266304	0.307000	0.331808	
743	0.211306	92	0.152174	165	0.315152	1.879248	743	0.211306	0.223000	0.331638	
721	0.235784	134	0.231343	145	0.510345	1.879248	721	0.235784	0.275000	0.331549	
737	0.271370	111	0.180180	152	0.473684	1.879248	737	0.271370	0.292000	0.331488	
734	0.246594	105	0.171429	161	0.652174	1.879248	734	0.246594	0.304000	0.331445	
699	0.323319	102	0.205882	199	0.673367	1.879248	699	0.323319	0.381000	0.331522	
677	0.240768	131	0.190840	192	0.671875	1.879248	677	0.240768	0.317000	0.331499	
744	0.276882	85	0.200000	171	0.625731	1.879248	744	0.276882	0.330000	0.331497	
737	0.271370	87	0.091954	176	0.596591	1.879248	737	0.271370	0.313000	0.331469	
742	0.237197	91	0.197802	167	0.131737	1.879248	742	0.237197	0.216000	0.331290	
748	0.267380	99	0.252525	153	0.549020	1.879248	748	0.267380	0.309000	0.331256	
716	0.310056	124	0.104839	160	0.606250	1.879248	716	0.310056	0.332000	0.331257	
732	0.289617	107	0.177570	161	0.565217	1.879248	732	0.289617	0.322000	0.331243	
749	0.257677	74	0.270270	177	0.649718	1.879248	749	0.257677	0.328000	0.331238	
758	0.234828	107	0.177570	135	0.637037	1.879248	758	0.234828	0.283000	0.331164	
746	0.207775	85	0.152941	169	0.603550	1.879248	746	0.207775	0.270000	0.331070	
733	0.297408	106	0.122642	161	0.583851	1.879248	733	0.297408	0.325000	0.331061	
740	0.285135	106	0.216981	154	0.435065	1.879248	740	0.285135	0.301000	0.331015	
743	0.282638	109	0.165138	148	0.682432	1.879248	743	0.282638	0.329000	0.331012	
762	0.292651	86	0.174419	152	0.572368	1.879248	762	0.292651	0.325000	0.331003	
753	0.265604	84	0.214286	163	0.619632	1.879248	753	0.265604	0.319000	0.330984	
732	0.281421	91	0.296703	177	0.519774	1.879248	732	0.281421	0.325000	0.330975	
750	0.245333	108	0.194444	142	0.690141	1.879248	750	0.245333	0.303000	0.330933	
691	0.250362	136	0.198529	173	0.664740	1.879248	691	0.250362	0.315000	0.330909	
753	0.233732	90	0.144444	157	0.477707	1.879248	753	0.233732	0.264000	0.330808	
711	0.232068	120	0.100000	169	0.485207	1.879248	711	0.232068	0.259000	0.330699	
780	0.269231	80	0.162500	140	0.614286	1.879248	780	0.269231	0.309000	0.330667	
745	0.295302	97	0.257732	158	0.613924	1.879248	745	0.295302	0.342000	0.330684	
758	0.333773	98	0.132653	144	0.638889	1.879248	758	0.333773	0.358000	0.330725	
729	0.274348	114	0.210526	157	0.363057	1.879248	729	0.274348	0.281000	0.330650	
752	0.289894	90	0.200000	158	0.601266	1.879248	752	0.289894	0.331000	0.330651	
775	0.282581	96	0.145833	129	0.651163	1.879248	775	0.282581	0.317000	0.330630	
754	0.312997	100	0.150000	146	0.616438	1.879248	754	0.312997	0.341000	0.330646	
679	0.278351	125	0.192000	196	0.551020	1.879248	679	0.278351	0.321000	0.330631	
765	0.299346	92	0.195652	143	0.468531	1.879248	765	0.299346	0.314000	0.330607	
731	0.248974	120	0.150000	149	0.630872	1.879248	731	0.248974	0.294000	0.330552	
727	0.295736	123	0.162602	150	0.560000	1.879248	727	0.295736	0.319000	0.330535	
762	0.320210	102	0.186275	136	0.713235	1.879248	762	0.320210	0.360000	0.330579	
739	0.294993	87	0.206897	174	0.528736	1.879248	739	0.294993	0.328000	0.330575	
736	0.258152	124	0.217742	140	0.635714	1.879248	736	0.258152	0.306000	0.330539	
766	0.292428	77	0.155844	157	0.636943	1.879248	766	0.292428	0.336000	0.330547	
755	0.300662	81	0.222222	164	0.585366	1.879248	755	0.300662	0.341000	0.330562	
756	0.283069	107	0.196262	137	0.627737	1.879248	756	0.283069	0.321000	0.330548	
730	0.317808	101	0.207921	169	0.597633	1.879248	730	0.317808	0.354000	0.330582	
748	0.320856	79	0.265823	173	0.583815	1.879248	748	0.320856	0.362000	0.330629	
766	0.270235	98	0.102041	136	0.580882	1.879248	766	0.270235	0.296000	0.330578	
742	0.311321	115	0.182609	143	0.671329	1.879248	742	0.311321	0.348000	0.330603	
747	0.314592	98	0.285714	155	0.651613	1.879248	747	0.314592	0.364000	0.330652	
748	0.288770	91	0.131868	161	0.670807	1.879248	748	0.288770	0.336000	0.330660	
725	0.288276	120	0.066667	155	0.619355	1.879248	725	0.288276	0.313000	0.330634	
738	0.298103	78	0.192308	184	0.456522	1.879248	738	0.298103	0.319000	0.330617	
735	0.293878	110	0.172727	155	0.658065	1.879248	735	0.293878	0.337000	0.330627	
755	0.308609	65	0.230769	180	0.550000	1.879248	755	0.308609	0.347000	0.330650	
754	0.324934	92	0.152174	154	0.681818	1.879248	754	0.324934	0.364000	0.330699	
757	0.338177	49	0.163265	194	0.675258	1.879248	757	0.338177	0.395000	0.330791	
757	0.287979	81	0.222222	162	0.648148	1.879248	757	0.287979	0.341000	0.330806	
753	0.302789	81	0.197531	166	0.602410	1.879248	753	0.302789	0.344000	0.330825	
743	0.294751	97	0.072165	160	0.693750	1.879248	743	0.294751	0.337000	0.330834	
734	0.318801	105	0.142857	161	0.534161	1.879248	734	0.318801	0.335000	0.330840	
735	0.274830	120	0.183333	145	0.620690	1.879248	735	0.274830	0.314000	0.330816	
747	0.297189	115	0.095652	138	0.695652	1.879248	747	0.297189	0.329000	0.330813	
747	0.321285	69	0.217391	184	0.581522	1.879248	747	0.321285	0.362000	0.330858	
764	0.332461	54	0.296296	182	0.620879	1.879248	764	0.332461	0.383000	0.330932	
752	0.268617	85	0.258824	163	0.687117	1.879248	752	0.268617	0.336000	0.330940	
723	0.304288	116	0.198276	161	0.559006	1.879248	723	0.304288	0.333000	0.330943	
754	0.330239	86	0.197674	160	0.500000	1.879248	754	0.330239	0.346000	0.330964	
761	0.315375	70	0.300000	169	0.562130	1.879248	761	0.315375	0.356000	0.331000	
708	0.285311	108	0.194444	184	0.603261	1.879248	708	0.285311	0.334000	0.331004	
750	0.332000	90	0.177778	160	0.725000	1.879248	750	0.332000	0.381000	0.331075	
745	0.315436	99	0.131313	156	0.685897	1.879248	745	0.315436	0.355000	0.331108	
747	0.306560	124	0.080645	129	0.682171	1.879248	747	0.306560	0.327000	0.331103	
708	0.307910	142	0.176056	150	0.700000	1.879248	708	0.307910	0.348000	0.331126	
738	0.280488	123	0.113821	139	0.748201	1.879248	738	0.280488	0.325000	0.331118	
734	0.324251	102	0.205882	164	0.493902	1.879248	734	0.324251	0.340000	0.331130	
773	0.287193	86	0.209302	141	0.659574	1.879248	773	0.287193	0.333000	0.331133	
754	0.271883	85	0.176471	161	0.509317	1.879248	754	0.271883	0.302000	0.331092	
742	0.297844	109	0.220183	149	0.644295	1.879248	742	0.297844	0.341000	0.331106	
745	0.335570	86	0.232558	169	0.633136	1.879248	745	0.335570	0.377000	0.331170	
750	0.300000	97	0.206186	153	0.594771	1.879248	750	0.300000	0.336000	0.331177	
737	0.282225	91	0.307692	172	0.558140	1.879248	737	0.282225	0.332000	0.331178	
745	0.302013	88	0.238636	167	0.634731	1.879248	745	0.302013	0.352000	0.331207	
716	0.263966	123	0.195122	161	0.496894	1.879248	716	0.263966	0.293000	0.331154	
737	0.291723	118	0.152542	145	0.572414	1.879248	737	0.291723	0.316000	0.331133	
733	0.349250	88	0.204545	179	0.608939	1.879248	733	0.349250	0.383000	0.331205	
750	0.284000	91	0.208791	159	0.628931	1.879248	750	0.284000	0.332000	0.331206	
744	0.284946	99	0.202020	157	0.509554	1.879248	744	0.284946	0.312000	0.331179	
725	0.281379	104	0.134615	171	0.491228	1.879248	725	0.281379	0.302000	0.331139	
757	0.293263	104	0.163462	139	0.525180	1.879248	757	0.293263	0.312000	0.331113	
762	0.251969	89	0.123596	149	0.583893	1.879248	762	0.251969	0.290000	0.331056	
749	0.297730	98	0.091837	153	0.614379	1.879248	749	0.297730	0.326000	0.331049	
707	0.335219	106	0.254717	187	0.550802	1.879248	707	0.335219	0.367000	0.331098	
721	0.300971	79	0.278481	200	0.595000	1.879248	721	0.300971	0.358000	0.331135	
756	0.316138	72	0.180556	172	0.633721	1.879248	756	0.316138	0.361000	0.331176	
757	0.309115	71	0.225352	172	0.616279	1.879248	757	0.309115	0.356000	0.331210	
765	0.303268	84	0.130952	151	0.615894	1.879248	765	0.303268	0.336000	0.331217	
730	0.335616	113	0.106195	157	0.687898	1.879248	730	0.335616	0.365000	0.331263	
741	0.290148	91	0.208791	168	0.702381	1.879248	741	0.290148	0.352000	0.331291	
781	0.314981	75	0.146667	144	0.687500	1.879248	781	0.314981	0.356000	0.331325	
728	0.342033	91	0.241758	181	0.640884	1.879248	728	0.342033	0.387000	0.331400	
744	0.268817	85	0.200000	171	0.538012	1.879248	744	0.268817	0.309000	0.331370	
752	0.261968	77	0.207792	171	0.578947	1.879248	752	0.261968	0.312000	0.331344	
778	0.296915	70	0.271429	152	0.611842	1.879248	778	0.296915	0.343000	0.331359	
714	0.271709	102	0.156863	184	0.581522	1.879248	714	0.271709	0.317000	0.331340	
751	0.284953	76	0.210526	173	0.630058	1.879248	751	0.284953	0.339000	0.331350	
771	0.265888	57	0.298246	172	0.540698	1.879248	771	0.265888	0.315000	0.331328	
731	0.290014	96	0.166667	173	0.566474	1.879248	731	0.290014	0.326000	0.331321	
717	0.322176	116	0.112069	167	0.586826	1.879248	717	0.322176	0.342000	0.331336	
742	0.301887	82	0.304878	176	0.619318	1.879248	742	0.301887	0.358000	0.331371	
750	0.265333	77	0.272727	173	0.456647	1.879248	750	0.265333	0.299000	0.331328	
757	0.338177	96	0.177083	147	0.571429	1.879248	757	0.338177	0.357000	0.331362	
715	0.292308	106	0.273585	179	0.553073	1.879248	715	0.292308	0.337000	0.331370	
759	0.262187	98	0.142857	143	0.552448	1.879248	759	0.262187	0.292000	0.331317	
739	0.289581	107	0.158879	154	0.584416	1.879248	739	0.289581	0.321000	0.331304	
720	0.276389	107	0.121495	173	0.537572	1.879248	720	0.276389	0.305000	0.331269	
715	0.303497	134	0.119403	151	0.609272	1.879248	715	0.303497	0.325000	0.331260	
747	0.273092	95	0.221053	158	0.474684	1.879248	747	0.273092	0.300000	0.331219	
755	0.308609	118	0.254237	127	0.677165	1.879248	755	0.308609	0.349000	0.331242	
795	0.304403	70	0.328571	135	0.400000	1.879248	795	0.304403	0.319000	0.331226	
725	0.268966	134	0.149254	141	0.489362	1.879248	725	0.268966	0.284000	0.331164	
722	0.253463	136	0.191176	142	0.528169	1.879248	722	0.253463	0.284000	0.331101	
747	0.303882	97	0.278351	156	0.660256	1.879248	747	0.303882	0.357000	0.331135	
749	0.316422	90	0.300000	161	0.602484	1.879248	749	0.316422	0.361000	0.331175	
739	0.327470	93	0.215054	168	0.589286	1.879248	739	0.327470	0.361000	0.331214	
755	0.308609	78	0.102564	167	0.502994	1.879248	755	0.308609	0.325000	0.331206	
715	0.247552	109	0.165138	176	0.585227	1.879248	715	0.247552	0.298000	0.331162	
750	0.280000	107	0.196262	143	0.496503	1.879248	750	0.280000	0.302000	0.331124	
730	0.272603	109	0.183486	161	0.670807	1.879248	730	0.272603	0.327000	0.331119	
726	0.235537	112	0.125000	162	0.500000	1.879248	726	0.235537	0.266000	0.331034	
747	0.274431	102	0.215686	151	0.562914	1.879248	747	0.274431	0.312000	0.331009	
740	0.250000	112	0.116071	148	0.527027	1.879248	740	0.250000	0.276000	0.330937	
699	0.236052	129	0.170543	172	0.674419	1.879248	699	0.236052	0.303000	0.330901	
726	0.274105	125	0.128000	149	0.577181	1.879248	726	0.274105	0.301000	0.330862	
741	0.269906	95	0.242105	164	0.219512	1.879248	741	0.269906	0.259000	0.330768	
726	0.223140	109	0.192661	165	0.642424	1.879248	726	0.223140	0.289000	0.330714	
752	0.220745	100	0.170000	148	0.628378	1.879248	752	0.220745	0.276000	0.330643	
730	0.230137	101	0.237624	169	0.556213	1.879248	730	0.230137	0.286000	0.330586	
755	0.259603	109	0.146789	136	0.639706	1.879248	755	0.259603	0.299000	0.330545	
753	0.316069	92	0.217391	155	0.632258	1.879248	753	0.316069	0.356000	0.330578	
772	0.294041	65	0.323077	163	0.613497	1.879248	772	0.294041	0.348000	0.330600	
803	0.358655	71	0.169014	126	0.722222	1.879248	803	0.358655	0.391000	0.330678	
744	0.290323	108	0.287037	148	0.472973	1.879248	744	0.290323	0.317000	0.330660	
735	0.318367	120	0.233333	145	0.482759	1.879248	735	0.318367	0.332000	0.330662	
760	0.346053	104	0.250000	136	0.617647	1.879248	760	0.346053	0.373000	0.330716	
744	0.331989	100	0.200000	156	0.564103	1.879248	744	0.331989	0.355000	0.330747	
764	0.318063	99	0.151515	137	0.642336	1.879248	764	0.318063	0.346000	0.330767	
779	0.323492	87	0.275862	134	0.447761	1.879248	779	0.323492	0.336000	0.330774	
789	0.346008	51	0.215686	160	0.537500	1.879248	789	0.346008	0.370000	0.330824	
760	0.339474	74	0.283784	166	0.680723	1.879248	760	0.339474	0.392000	0.330901	
771	0.341115	83	0.204819	146	0.500000	1.879248	771	0.341115	0.353000	0.330930	
710	0.325352	84	0.059524	206	0.567961	1.879248	710	0.325352	0.353000	0.330958	
765	0.326797	92	0.217391	143	0.552448	1.879248	765	0.326797	0.349000	0.330981	
770	0.300000	71	0.225352	159	0.597484	1.879248	770	0.300000	0.342000	0.330995	
775	0.394839	78	0.205128	147	0.639456	1.879248	775	0.394839	0.416000	0.331102	
740	0.328378	51	0.274510	209	0.650718	1.879248	740	0.328378	0.393000	0.331180	
789	0.337136	66	0.166667	145	0.593103	1.879248	789	0.337136	0.363000	0.331221	
761	0.295664	81	0.148148	158	0.474684	1.879248	761	0.295664	0.312000	0.331196	
761	0.339028	92	0.141304	147	0.612245	1.879248	761	0.339028	0.361000	0.331234	
746	0.340483	66	0.181818	188	0.563830	1.879248	746	0.340483	0.372000	0.331285	
757	0.368560	68	0.250000	175	0.685714	1.879248	757	0.368560	0.416000	0.331392	
777	0.324324	76	0.210526	147	0.666667	1.879248	777	0.324324	0.366000	0.331435	
763	0.357798	87	0.195402	150	0.593333	1.879248	763	0.357798	0.379000	0.331495	
770	0.344156	79	0.177215	151	0.649007	1.879248	770	0.344156	0.377000	0.331552	
770	0.327273	91	0.230769	139	0.525180	1.879248	770	0.327273	0.346000	0.331570	
752	0.321809	91	0.153846	157	0.643312	1.879248	752	0.321809	0.357000	0.331601	
766	0.361619	100	0.090000	134	0.716418	1.879248	766	0.361619	0.382000	0.331664	
761	0.339028	81	0.222222	158	0.632911	1.879248	761	0.339028	0.376000	0.331719	
769	0.306892	76	0.302632	155	0.548387	1.879248	769	0.306892	0.344000	0.331735	
683	0.161054	99	0.181818	218	0.522936	1.879248	683	0.161054	0.242000	0.331623	
738	0.392954	107	0.130841	155	0.580645	1.050837	738	0.392954	0.394000	0.331701	
705	0.462411	86	0.220930	209	0.574163	1.050837	705	0.462411	0.465000	0.331866	
727	0.323246	119	0.218487	154	0.714286	1.799177	727	0.323246	0.371000	0.331914	
773	0.318241	89	0.123596	138	0.586957	1.799177	773	0.318241	0.338000	0.331922	
763	0.300131	79	0.126582	158	0.588608	1.799177	763	0.300131	0.332000	0.331922	
748	0.304813	90	0.188889	162	0.567901	1.799177	748	0.304813	0.337000	0.331928	
736	0.290761	97	0.206186	167	0.556886	1.799177	736	0.290761	0.327000	0.331922	
740	0.274324	104	0.201923	156	0.666667	1.799177	740	0.274324	0.328000	0.331917	
719	0.273992	110	0.209091	171	0.567251	1.799177	719	0.273992	0.317000	0.331899	
721	0.267684	97	0.195876	182	0.626374	1.799177	721	0.267684	0.326000	0.331892	
733	0.271487	101	0.277228	166	0.584337	1.799177	733	0.271487	0.324000	0.331882	
740	0.316216	101	0.128713	159	0.566038	1.799177	740	0.316216	0.337000	0.331888	
724	0.335635	118	0.118644	158	0.613924	1.799177	724	0.335635	0.354000	0.331915	
725	0.335172	121	0.140496	154	0.564935	1.799177	725	0.335172	0.347000	0.331934	
727	0.357634	111	0.162162	162	0.574074	1.799177	727	0.357634	0.371000	0.331981	
759	0.333333	91	0.252747	150	0.566667	1.799177	759	0.333333	0.361000	0.332017	
763	0.331586	82	0.268293	155	0.683871	1.799177	763	0.331586	0.381000	0.332076	
748	0.323529	81	0.271605	171	0.666667	1.799177	748	0.323529	0.378000	0.332132	
769	0.331599	80	0.262500	151	0.596026	1.799177	769	0.331599	0.366000	0.332173	
755	0.381457	71	0.225352	174	0.488506	1.799177	755	0.381457	0.389000	0.332242	
756	0.306878	97	0.164948	147	0.564626	1.799177	756	0.306878	0.331000	0.332241	
725	0.297931	120	0.258333	155	0.554839	1.799177	725	0.297931	0.333000	0.332241	
748	0.291444	102	0.156863	150	0.646667	1.799177	748	0.291444	0.331000	0.332240	
718	0.221448	87	0.229885	195	0.435897	1.799177	718	0.221448	0.264000	0.332158	
771	0.320363	76	0.197368	153	0.470588	1.799177	771	0.320363	0.334000	0.332160	
750	0.374667	87	0.241379	163	0.601227	1.799177	750	0.374667	0.400000	0.332241	
768	0.354167	87	0.275862	145	0.627586	1.799177	768	0.354167	0.387000	0.332307	
760	0.363158	72	0.277778	168	0.619048	1.799177	760	0.363158	0.400000	0.332389	
770	0.363636	71	0.281690	159	0.666667	1.799177	770	0.363636	0.406000	0.332477	
745	0.371812	97	0.247423	158	0.613924	1.799177	745	0.371812	0.398000	0.332555	
757	0.351387	101	0.188119	142	0.598592	1.799177	757	0.351387	0.370000	0.332600	
757	0.314399	71	0.239437	172	0.662791	1.799177	757	0.314399	0.369000	0.332644	
757	0.335535	102	0.254902	141	0.602837	1.799177	757	0.335535	0.365000	0.332682	
763	0.332896	97	0.185567	140	0.578571	1.799177	763	0.332896	0.353000	0.332706	
766	0.356397	81	0.209877	153	0.620915	1.799177	766	0.356397	0.385000	0.332769	
772	0.409326	73	0.164384	155	0.690323	1.799177	772	0.409326	0.435000	0.332890	
749	0.289720	95	0.231579	156	0.628205	2.192364	749	0.289720	0.337000	0.332895	
766	0.298956	87	0.195402	147	0.659864	2.192364	766	0.298956	0.343000	0.332907	
740	0.305405	85	0.141176	175	0.685714	2.192364	740	0.305405	0.358000	0.332937	
773	0.271669	75	0.160000	152	0.710526	2.192364	773	0.271669	0.330000	0.332933	
756	0.280423	112	0.187500	132	0.651515	2.192364	756	0.280423	0.319000	0.332917	
762	0.242782	81	0.197531	157	0.503185	2.192364	762	0.242782	0.280000	0.332854	
768	0.247396	65	0.169231	167	0.455090	2.192364	768	0.247396	0.277000	0.332789	
748	0.250000	104	0.173077	148	0.695946	2.192364	748	0.250000	0.308000	0.332759	
750	0.253333	112	0.151786	138	0.753623	2.192364	750	0.253333	0.311000	0.332734	
769	0.248375	68	0.117647	163	0.748466	2.192364	769	0.248375	0.321000	0.332720	
715	0.260140	137	0.167883	148	0.439189	2.192364	715	0.260140	0.274000	0.332651	
731	0.269494	104	0.163462	165	0.527273	2.192364	731	0.269494	0.301000	0.332614	
710	0.277465	120	0.183333	170	0.688235	2.192364	710	0.277465	0.336000	0.332618	
736	0.297554	96	0.166667	168	0.738095	2.192364	736	0.297554	0.359000	0.332649	
737	0.260516	94	0.138298	169	0.710059	2.192364	737	0.260516	0.325000	0.332640	
759	0.271410	92	0.108696	149	0.724832	2.192364	759	0.271410	0.324000	0.332630	
709	0.253879	123	0.154472	168	0.458333	2.192364	709	0.253879	0.276000	0.332564	
758	0.222955	64	0.281250	178	0.662921	2.192364	758	0.222955	0.305000	0.332532	
757	0.265522	71	0.281690	172	0.674419	2.192364	757	0.265522	0.337000	0.332537	
741	0.264507	114	0.131579	145	0.586207	2.192364	741	0.264507	0.296000	0.332494	
753	0.228420	92	0.217391	155	0.561290	2.192364	753	0.228420	0.279000	0.332432	
735	0.291156	132	0.159091	133	0.654135	2.192364	735	0.291156	0.322000	0.332420	
731	0.280438	126	0.111111	143	0.587413	2.192364	731	0.280438	0.303000	0.332386	
763	0.250328	86	0.139535	151	0.582781	2.192364	763	0.250328	0.291000	0.332338	
736	0.252717	98	0.142857	166	0.596386	2.192364	736	0.252717	0.299000	0.332300	
764	0.260471	99	0.141414	137	0.613139	2.192364	764	0.260471	0.297000	0.332259	
748	0.247326	94	0.297872	158	0.651899	2.192364	748	0.247326	0.316000	0.332240	
768	0.261719	76	0.210526	156	0.647436	2.192364	768	0.261719	0.318000	0.332224	
757	0.186262	100	0.170000	143	0.552448	2.192364	757	0.186262	0.237000	0.332115	
731	0.433653	119	0.117647	150	0.580000	1.242071	731	0.433653	0.418000	0.332213	
727	0.379642	120	0.216667	153	0.607843	1.563220	727	0.379642	0.395000	0.332285	
739	0.382950	98	0.244898	163	0.693252	1.563220	739	0.382950	0.420000	0.332386	
750	0.380000	82	0.182927	168	0.559524	1.563220	750	0.380000	0.394000	0.332456	
750	0.406667	101	0.158416	149	0.503356	1.563220	750	0.406667	0.396000	0.332529	
733	0.215553	114	0.166667	153	0.594771	2.474584	733	0.215553	0.268000	0.332455	
737	0.229308	98	0.234694	165	0.642424	2.474584	737	0.229308	0.298000	0.332416	
757	0.216645	87	0.195402	156	0.621795	2.474584	757	0.216645	0.278000	0.332354	
746	0.193029	47	0.276596	207	0.671498	2.474584	746	0.193029	0.296000	0.332312	
723	0.233748	101	0.198020	176	0.602273	1.992671	723	0.233748	0.295000	0.332270	
746	0.209115	83	0.192771	171	0.631579	1.992671	746	0.209115	0.280000	0.332211	
714	0.222689	130	0.161538	156	0.685897	1.992671	714	0.222689	0.287000	0.332159	
751	0.205060	87	0.160920	162	0.660494	1.992671	751	0.205060	0.275000	0.332095	
735	0.220408	125	0.176000	140	0.435714	1.992671	735	0.220408	0.245000	0.331996	
752	0.230053	92	0.239130	156	0.391026	1.992671	752	0.230053	0.256000	0.331910	
754	0.255968	79	0.126582	167	0.568862	1.992671	754	0.255968	0.298000	0.331872	
796	0.246231	51	0.313725	153	0.549020	1.992671	796	0.246231	0.296000	0.331832	
783	0.269476	48	0.333333	169	0.461538	1.992671	783	0.269476	0.305000	0.331801	
775	0.260645	46	0.326087	179	0.396648	1.992671	775	0.260645	0.288000	0.331752	
743	0.258412	74	0.216216	183	0.486339	1.992671	743	0.258412	0.297000	0.331713	
728	0.265110	104	0.201923	168	0.642857	1.992671	728	0.265110	0.322000	0.331702	
722	0.259003	115	0.104348	163	0.429448	1.992671	722	0.259003	0.269000	0.331632	
718	0.279944	106	0.235849	176	0.505682	1.992671	718	0.279944	0.315000	0.331613	
787	0.250318	47	0.297872	166	0.548193	1.992671	787	0.250318	0.302000	0.331580	
794	0.217884	53	0.169811	153	0.549020	1.992671	794	0.217884	0.266000	0.331507	
765	0.235294	84	0.297619	151	0.509934	1.992671	765	0.235294	0.282000	0.331452	
759	0.284585	43	0.209302	198	0.545455	1.992671	759	0.284585	0.333000	0.331453	
764	0.251309	71	0.281690	165	0.551515	1.992671	764	0.251309	0.303000	0.331422	
749	0.256342	80	0.200000	171	0.514620	1.992671	749	0.256342	0.296000	0.331382	
744	0.258065	102	0.166667	154	0.649351	1.992671	744	0.258065	0.309000	0.331357	
703	0.217639	135	0.081481	162	0.691358	1.992671	703	0.217639	0.276000	0.331296	
712	0.196629	135	0.148148	153	0.633987	1.992671	712	0.196629	0.257000	0.331214	
756	0.424603	85	0.235294	159	0.515723	1.082953	756	0.424603	0.423000	0.331315	
788	0.420051	75	0.253333	137	0.656934	1.246897	788	0.420051	0.440000	0.331435	
722	0.281163	123	0.170732	155	0.541935	1.597624	722	0.281163	0.308000	0.331410	
727	0.275103	112	0.142857	161	0.534161	1.597624	727	0.275103	0.302000	0.331377	
732	0.288251	103	0.291262	165	0.684848	1.597624	732	0.288251	0.354000	0.331402	
746	0.272118	96	0.135417	158	0.582278	1.597624	746	0.272118	0.308000	0.331376	
760	0.325000	72	0.166667	168	0.440476	1.597624	760	0.325000	0.333000	0.331378	
732	0.334699	100	0.160000	168	0.696429	1.597624	732	0.334699	0.378000	0.331429	
726	0.326446	129	0.186047	145	0.627586	1.597624	726	0.326446	0.352000	0.331452	
754	0.362069	84	0.238095	162	0.574074	1.597624	754	0.362069	0.386000	0.331512	
730	0.372603	127	0.173228	143	0.622378	1.597624	730	0.372603	0.383000	0.331568	
723	0.351314	123	0.170732	154	0.655844	1.597624	723	0.351314	0.376000	0.331617	
772	0.349741	69	0.144928	159	0.660377	1.597624	772	0.349741	0.385000	0.331675	
713	0.315568	121	0.165289	166	0.680723	1.597624	713	0.315568	0.358000	0.331704	
743	0.355316	106	0.188679	151	0.629139	1.597624	743	0.355316	0.379000	0.331755	
746	0.375335	93	0.150538	161	0.310559	1.597624	746	0.375335	0.344000	0.331769	
738	0.337398	101	0.198020	161	0.590062	1.597624	738	0.337398	0.364000	0.331804	
727	0.328748	121	0.148760	152	0.598684	1.597624	727	0.328748	0.348000	0.331821	
768	0.332031	76	0.144737	156	0.628205	1.597624	768	0.332031	0.364000	0.331856	
727	0.341128	118	0.084746	155	0.600000	1.597624	727	0.341128	0.351000	0.331877	
718	0.314763	137	0.080292	145	0.593103	1.597624	718	0.314763	0.323000	0.331867	
748	0.348930	101	0.089109	151	0.642384	1.597624	748	0.348930	0.367000	0.331905	
770	0.338961	90	0.211111	140	0.614286	1.597624	770	0.338961	0.366000	0.331942	
729	0.347051	124	0.129032	147	0.659864	1.597624	729	0.347051	0.366000	0.331979	
759	0.333333	89	0.191011	152	0.730263	1.597624	759	0.333333	0.381000	0.332032	
783	0.363985	69	0.275362	148	0.594595	1.597624	783	0.363985	0.392000	0.332097	
769	0.353706	90	0.200000	141	0.567376	1.597624	769	0.353706	0.370000	0.332137	
751	0.344874	97	0.237113	152	0.684211	1.597624	751	0.344874	0.386000	0.332195	
718	0.360724	122	0.131148	160	0.681250	1.597624	718	0.360724	0.384000	0.332251	
745	0.371812	99	0.202020	156	0.596154	1.597624	745	0.371812	0.390000	0.332313	
747	0.340027	120	0.116667	133	0.609023	1.597624	747	0.340027	0.349000	0.332331	
766	0.335509	81	0.296296	153	0.555556	1.597624	766	0.335509	0.366000	0.332367	
752	0.405585	92	0.228261	156	0.666667	1.597624	752	0.405585	0.430000	0.332471	
742	0.269542	105	0.209524	153	0.666667	2.156411	742	0.269542	0.324000	0.332462	
734	0.213896	116	0.155172	150	0.680000	2.156411	734	0.213896	0.277000	0.332403	
735	0.242177	115	0.130435	150	0.686667	2.156411	735	0.242177	0.296000	0.332364	
710	0.202817	95	0.210526	195	0.605128	2.156411	710	0.202817	0.282000	0.332311	
716	0.273743	77	0.194805	207	0.618357	2.156411	716	0.273743	0.339000	0.332318	
717	0.220363	89	0.224719	194	0.608247	2.156411	717	0.220363	0.296000	0.332279	
725	0.195862	119	0.117647	156	0.666667	2.156411	725	0.195862	0.260000	0.332202	
734	0.438692	103	0.194175	163	0.595092	1.477706	734	0.438692	0.439000	0.332316	
759	0.350461	93	0.225806	148	0.648649	2.166040	759	0.350461	0.383000	0.332369	
751	0.331558	91	0.230769	158	0.537975	2.166040	751	0.331558	0.355000	0.332393	
762	0.317585	74	0.175676	164	0.585366	2.166040	762	0.317585	0.351000	0.332413	
723	0.250346	96	0.187500	181	0.580110	2.166040	723	0.250346	0.304000	0.332383	
734	0.226158	110	0.154545	156	0.576923	2.166040	734	0.226158	0.273000	0.332320	
767	0.251630	96	0.291667	137	0.540146	2.166040	767	0.251630	0.295000	0.332281	
763	0.249017	85	0.258824	152	0.638158	2.166040	763	0.249017	0.309000	0.332256	
733	0.272851	84	0.357143	183	0.519126	2.166040	733	0.272851	0.325000	0.332249	
725	0.253793	102	0.235294	173	0.450867	2.166040	725	0.253793	0.286000	0.332200	
714	0.233894	86	0.244186	200	0.545000	2.166040	714	0.233894	0.297000	0.332163	
773	0.213454	78	0.205128	149	0.523490	2.166040	773	0.213454	0.259000	0.332087	
743	0.250336	107	0.168224	150	0.613333	2.166040	743	0.250336	0.296000	0.332049	
757	0.272127	77	0.194805	166	0.590361	2.166040	757	0.272127	0.319000	0.332035	
760	0.314474	97	0.206186	143	0.706294	2.166040	760	0.314474	0.360000	0.332064	
758	0.292876	99	0.282828	143	0.587413	2.166040	758	0.292876	0.334000	0.332066	
760	0.327632	82	0.097561	158	0.632911	2.166040	760	0.327632	0.357000	0.332092	
768	0.277344	72	0.194444	160	0.668750	2.166040	768	0.277344	0.334000	0.332094	
761	0.265440	105	0.180952	134	0.507463	2.166040	761	0.265440	0.289000	0.332050	
766	0.287206	90	0.244444	144	0.527778	2.166040	766	0.287206	0.318000	0.332035	
724	0.332873	107	0.168224	169	0.733728	2.166040	724	0.332873	0.383000	0.332088	
763	0.298820	85	0.211765	152	0.710526	2.166040	763	0.298820	0.354000	0.332111	
784	0.275510	87	0.206897	129	0.643411	2.166040	784	0.275510	0.317000	0.332095	
753	0.290837	101	0.168317	146	0.602740	2.166040	753	0.290837	0.324000	0.332087	
758	0.295515	81	0.209877	161	0.540373	2.166040	758	0.295515	0.328000	0.332082	
733	0.298772	106	0.264151	161	0.627329	2.166040	733	0.298772	0.348000	0.332099	
763	0.294889	101	0.207921	136	0.602941	2.166040	763	0.294889	0.328000	0.332095	
760	0.359211	85	0.270588	155	0.600000	2.166040	760	0.359211	0.389000	0.332153	
748	0.292781	95	0.347368	157	0.700637	2.166040	748	0.292781	0.362000	0.332184	
775	0.317419	56	0.285714	169	0.639053	2.166040	775	0.317419	0.370000	0.332223	
760	0.318421	60	0.200000	180	0.594444	2.166040	760	0.318421	0.361000	0.332252	
769	0.297789	46	0.195652	185	0.751351	2.166040	769	0.297789	0.377000	0.332298	
784	0.289541	45	0.222222	171	0.619883	2.166040	784	0.289541	0.343000	0.332309	
789	0.315589	56	0.250000	155	0.625806	2.166040	789	0.315589	0.360000	0.332338	
771	0.308690	81	0.172840	148	0.587838	2.166040	771	0.308690	0.339000	0.332345	
730	0.257534	98	0.193878	172	0.534884	2.166040	730	0.257534	0.299000	0.332310	
760	0.343421	76	0.236842	164	0.682927	2.166040	760	0.343421	0.391000	0.332370	
769	0.276983	82	0.280488	149	0.523490	2.166040	769	0.276983	0.314000	0.332352	
770	0.305195	70	0.185714	160	0.650000	2.166040	770	0.305195	0.352000	0.332372	
762	0.297900	92	0.108696	146	0.691781	2.166040	762	0.297900	0.338000	0.332377	
778	0.309769	79	0.151899	143	0.657343	2.166040	778	0.309769	0.347000	0.332392	
777	0.306306	86	0.209302	137	0.598540	2.166040	777	0.306306	0.338000	0.332398	
772	0.278497	79	0.291139	149	0.630872	2.166040	772	0.278497	0.332000	0.332398	
755	0.290066	81	0.185185	164	0.548780	2.166040	755	0.290066	0.324000	0.332389	
778	0.311054	72	0.125000	150	0.633333	2.166040	778	0.311054	0.346000	0.332403	
747	0.329317	85	0.105882	168	0.678571	2.166040	747	0.329317	0.369000	0.332440	
747	0.295850	103	0.116505	150	0.706667	2.166040	747	0.295850	0.339000	0.332447	
763	0.281782	91	0.120879	146	0.554795	2.166040	763	0.281782	0.307000	0.332421	
746	0.260054	97	0.144330	157	0.579618	2.166040	746	0.260054	0.299000	0.332387	
767	0.262060	87	0.195402	146	0.589041	2.166040	767	0.262060	0.304000	0.332359	
757	0.354029	68	0.250000	175	0.702857	2.166040	757	0.354029	0.408000	0.332435	
762	0.304462	57	0.280702	181	0.535912	2.166040	762	0.304462	0.345000	0.332447	
758	0.294195	77	0.233766	165	0.593939	2.166040	758	0.294195	0.339000	0.332454	
755	0.300662	104	0.230769	141	0.631206	2.166040	755	0.300662	0.340000	0.332462	
742	0.322102	101	0.178218	157	0.656051	2.166040	742	0.322102	0.360000	0.332489	
766	0.283290	75	0.280000	159	0.647799	2.166040	766	0.283290	0.341000	0.332498	
735	0.300680	90	0.222222	175	0.651429	2.166040	735	0.300680	0.355000	0.332520	
762	0.279528	107	0.140187	131	0.633588	2.166040	762	0.279528	0.311000	0.332499	
